,Datetime,Open,High,Low,Close
0,2016-04-12,15150.0,,,15125.0
1,2016-04-12,15125.0,,,15350.0
2,2016-04-12,15350.0,,,15350.0
3,2016-04-14,15325.0,,,15300.0
4,2016-04-14,15475.0,,,15275.0
5,2016-04-14,15275.0,,,15400.0
6,2016-04-15,15100.0,,,15175.0
7,2016-04-15,15200.0,,,15075.0
8,2016-04-15,15075.0,,,15125.0
9,2016-04-18,14925.0,,,15025.0
10,2016-04-18,15075.0,,,14900.0
11,2016-04-18,14875.0,,,14950.0
12,2016-04-19,14925.0,,,15000.0
13,2016-04-19,14975.0,,,14950.0
14,2016-04-19,14950.0,,,14925.0
15,2016-04-20,15000.0,,,15025.0
16,2016-04-20,15050.0,,,15050.0
17,2016-04-20,15025.0,,,14975.0
18,2016-04-21,15000.0,,,15000.0
19,2016-04-21,15000.0,,,14950.0
20,2016-04-21,14950.0,,,14925.0
21,2016-04-22,14850.0,,,15075.0
22,2016-04-22,14925.0,,,14750.0
23,2016-04-22,14750.0,,,14825.0
24,2016-04-25,15175.0,,,15050.0
25,2016-04-25,15050.0,,,15075.0
26,2016-04-25,15050.0,,,15125.0
27,2016-04-26,15150.0,,,14975.0
28,2016-04-26,14975.0,,,14975.0
29,2016-04-26,14975.0,,,15000.0
30,2016-04-27,14850.0,,,14750.0
31,2016-04-27,14900.0,,,14900.0
32,2016-04-27,14875.0,,,14850.0
33,2016-04-28,14825.0,,,14950.0
34,2016-04-28,14950.0,,,14825.0
35,2016-04-28,14800.0,,,14700.0
36,2016-04-29,14700.0,,,14550.0
37,2016-04-29,14575.0,,,14575.0
38,2016-04-29,14575.0,,,14550.0
39,2016-05-02,14550.0,,,15075.0
40,2016-05-02,15050.0,,,15350.0
41,2016-05-02,15325.0,,,15375.0
42,2016-05-03,15650.0,,,15400.0
43,2016-05-03,15375.0,,,15275.0
44,2016-05-03,15275.0,,,15400.0
45,2016-05-04,15550.0,,,15950.0
46,2016-05-04,15575.0,,,15550.0
47,2016-05-04,15475.0,,,15575.0
48,2016-05-09,16000.0,,,16425.0
49,2016-05-09,16175.0,,,16050.0
50,2016-05-09,16050.0,,,16000.0
51,2016-05-10,16425.0,,,16125.0
52,2016-05-10,16125.0,,,16325.0
53,2016-05-10,16325.0,,,16400.0
54,2016-05-11,16550.0,,,16400.0
55,2016-05-11,16375.0,,,16400.0
56,2016-05-11,16425.0,,,16550.0
57,2016-05-12,16450.0,,,16475.0
58,2016-05-12,16475.0,,,16500.0
59,2016-05-12,16525.0,,,16400.0
60,2016-05-13,16300.0,,,16450.0
61,2016-05-13,16450.0,,,16200.0
62,2016-05-13,16200.0,,,16350.0
63,2016-05-16,16350.0,,,16550.0
64,2016-05-16,16325.0,,,16350.0
65,2016-05-16,16450.0,,,16325.0
66,2016-05-17,16725.0,,,16875.0
67,2016-05-17,16875.0,,,16925.0
68,2016-05-17,16600.0,,,16750.0
69,2016-05-18,16925.0,,,16725.0
70,2016-05-18,16725.0,,,16800.0
71,2016-05-18,16825.0,,,16650.0
72,2016-05-19,16650.0,,,16200.0
73,2016-05-19,16175.0,,,16300.0
74,2016-05-19,16300.0,,,16225.0
75,2016-05-20,16250.0,,,16725.0
76,2016-05-20,16750.0,,,16850.0
77,2016-05-20,16850.0,,,16950.0
78,2016-05-23,17175.0,,,17000.0
79,2016-05-23,17000.0,,,16925.0
80,2016-05-23,16900.0,,,16975.0
81,2016-05-24,16700.0,,,16675.0
82,2016-05-24,16975.0,,,16775.0
83,2016-05-24,16775.0,,,16700.0
84,2016-05-25,16700.0,,,16600.0
85,2016-05-25,16600.0,,,16525.0
86,2016-05-25,16525.0,,,16700.0
87,2016-05-26,16750.0,,,16475.0
88,2016-05-26,16475.0,,,16350.0
89,2016-05-26,16325.0,,,16325.0
90,2016-05-27,16375.0,,,16325.0
91,2016-05-27,16325.0,,,16450.0
92,2016-05-27,16450.0,,,16475.0
93,2016-05-30,16000.0,,,15950.0
94,2016-05-30,16525.0,,,16125.0
95,2016-05-30,16100.0,,,16000.0
96,2016-05-31,15975.0,,,16050.0
97,2016-05-31,16025.0,,,15925.0
98,2016-05-31,15925.0,,,15900.0
99,2016-06-01,16000.0,,,16200.0
100,2016-06-01,16200.0,,,16175.0
101,2016-06-01,16200.0,,,16075.0
102,2016-06-02,15925.0,,,15925.0
103,2016-06-02,16100.0,,,15775.0
104,2016-06-02,15775.0,,,15925.0
105,2016-06-03,16075.0,,,15950.0
106,2016-06-03,15975.0,,,15800.0
107,2016-06-03,15800.0,,,15800.0
108,2016-06-07,15850.0,,,15925.0
109,2016-06-07,15925.0,,,15925.0
110,2016-06-07,15950.0,,,16075.0
111,2016-06-08,15600.0,,,15600.0
112,2016-06-08,16050.0,,,15850.0
113,2016-06-08,15800.0,,,15600.0
114,2016-06-09,15450.0,,,15625.0
115,2016-06-09,15625.0,,,15625.0
116,2016-06-09,15625.0,,,15500.0
117,2016-06-10,15525.0,,,15675.0
118,2016-06-10,15650.0,,,15525.0
119,2016-06-10,15525.0,,,15600.0
120,2016-06-13,15225.0,,,15175.0
121,2016-06-13,15550.0,,,15250.0
122,2016-06-13,15250.0,,,15200.0
123,2016-06-14,15000.0,,,15000.0
124,2016-06-14,14975.0,,,15000.0
125,2016-06-14,15000.0,,,15125.0
126,2016-06-15,15175.0,,,15350.0
127,2016-06-15,15325.0,,,15250.0
128,2016-06-15,15225.0,,,15075.0
129,2016-06-16,15125.0,,,15000.0
130,2016-06-16,15000.0,,,14825.0
131,2016-06-16,14825.0,,,14825.0
132,2016-06-17,14950.0,,,15200.0
133,2016-06-17,15175.0,,,15075.0
134,2016-06-17,15050.0,,,15075.0
135,2016-06-20,15300.0,,,15525.0
136,2016-06-20,15550.0,,,15575.0
137,2016-06-20,15550.0,,,15700.0
138,2016-06-21,15600.0,,,15850.0
139,2016-06-21,15650.0,,,15600.0
140,2016-06-21,15575.0,,,15600.0
141,2016-06-22,15800.0,,,15700.0
142,2016-06-22,15700.0,,,15650.0
143,2016-06-22,15650.0,,,15625.0
144,2016-06-23,15625.0,,,15175.0
145,2016-06-23,15150.0,,,15300.0
146,2016-06-23,15300.0,,,15200.0
147,2016-06-24,14700.0,,,14625.0
148,2016-06-24,15375.0,,,14700.0
149,2016-06-24,15375.0,,,15400.0
150,2016-06-27,14300.0,,,14825.0
151,2016-06-27,14825.0,,,14900.0
152,2016-06-27,14925.0,,,15000.0
153,2016-06-28,14975.0,,,15175.0
154,2016-06-28,15175.0,,,15175.0
155,2016-06-28,15175.0,,,15250.0
156,2016-06-29,15425.0,,,15325.0
157,2016-06-29,15450.0,,,15425.0
158,2016-06-29,15475.0,,,15450.0
159,2016-06-30,15475.0,,,15325.0
160,2016-06-30,15375.0,,,15425.0
161,2016-06-30,15450.0,,,15450.0
162,2016-07-01,15600.0,,,15800.0
163,2016-07-01,15800.0,,,15700.0
164,2016-07-01,15700.0,,,15475.0
165,2016-07-04,15575.0,,,15525.0
166,2016-07-04,15525.0,,,15700.0
167,2016-07-04,15700.0,,,15750.0
168,2016-07-05,15750.0,,,15750.0
169,2016-07-05,15750.0,,,15725.0
170,2016-07-05,15700.0,,,15875.0
171,2016-07-06,15875.0,,,15875.0
172,2016-07-06,15850.0,,,15750.0
173,2016-07-06,15725.0,,,15750.0
174,2016-07-07,16050.0,,,16100.0
175,2016-07-07,16050.0,,,16075.0
176,2016-07-07,15725.0,,,16050.0
177,2016-07-08,16000.0,,,16025.0
178,2016-07-08,16000.0,,,16175.0
179,2016-07-08,16050.0,,,16000.0
180,2016-07-11,16350.0,,,16150.0
181,2016-07-11,16175.0,,,16250.0
182,2016-07-11,16350.0,,,16300.0
183,2016-07-12,16300.0,,,16125.0
184,2016-07-12,16100.0,,,16175.0
185,2016-07-12,16175.0,,,16000.0
186,2016-07-13,16050.0,,,15975.0
187,2016-07-13,15975.0,,,16050.0
188,2016-07-13,16025.0,,,15900.0
189,2016-07-14,15900.0,,,15825.0
190,2016-07-14,15850.0,,,15925.0
191,2016-07-14,15925.0,,,16300.0
192,2016-07-15,16400.0,,,16275.0
193,2016-07-15,16325.0,,,16350.0
194,2016-07-15,16375.0,,,16400.0
195,2016-07-18,16150.0,,,16050.0
196,2016-07-18,16050.0,,,16175.0
197,2016-07-18,16325.0,,,16150.0
198,2016-07-19,16175.0,,,16300.0
199,2016-07-19,16300.0,,,16500.0
200,2016-07-19,16450.0,,,16500.0
201,2016-07-20,16400.0,,,16475.0
202,2016-07-20,16400.0,,,16350.0
203,2016-07-20,16475.0,,,16400.0
204,2016-07-21,16300.0,,,16100.0
205,2016-07-21,16150.0,,,16200.0
206,2016-07-21,16200.0,,,16000.0
207,2016-07-22,16075.0,,,16450.0
208,2016-07-22,15975.0,,,16100.0
209,2016-07-22,16100.0,,,16100.0
210,2016-07-25,16300.0,,,16450.0
211,2016-07-25,16550.0,,,16225.0
212,2016-07-25,16250.0,,,16275.0
213,2016-07-26,16450.0,,,16300.0
214,2016-07-26,16300.0,,,16425.0
215,2016-07-26,16425.0,,,16475.0
216,2016-07-27,16375.0,,,16375.0
217,2016-07-27,16375.0,,,16400.0
218,2016-07-27,16400.0,,,16150.0
219,2016-07-28,16400.0,,,16250.0
220,2016-07-28,16150.0,,,16400.0
221,2016-07-28,16400.0,,,16425.0
222,2016-07-29,16200.0,,,16675.0
223,2016-07-29,16675.0,,,16700.0
224,2016-07-29,16700.0,,,17050.0
225,2016-08-01,17125.0,,,16925.0
226,2016-08-01,16925.0,,,16875.0
227,2016-08-01,16900.0,,,16800.0
228,2016-08-01,16825.0,,,16850.0
229,2016-08-02,16450.0,,,16400.0
230,2016-08-02,16425.0,,,16400.0
231,2016-08-02,16800.0,,,16700.0
232,2016-08-02,16700.0,,,16450.0
233,2016-08-03,15900.0,,,15750.0
234,2016-08-03,15775.0,,,15950.0
235,2016-08-03,15950.0,,,15975.0
236,2016-08-03,16375.0,,,15900.0
237,2016-08-04,15925.0,,,15750.0
238,2016-08-04,15750.0,,,15750.0
239,2016-08-04,15750.0,,,15725.0
240,2016-08-04,15725.0,,,15775.0
241,2016-08-05,15775.0,,,15850.0
242,2016-08-05,15850.0,,,15900.0
243,2016-08-05,15900.0,,,15775.0
244,2016-08-05,15775.0,,,15850.0
245,2016-08-08,15850.0,,,15675.0
246,2016-08-08,15675.0,,,15700.0
247,2016-08-08,15700.0,,,15750.0
248,2016-08-08,15775.0,,,15975.0
249,2016-08-09,15825.0,,,15850.0
250,2016-08-09,15725.0,,,15850.0
251,2016-08-09,16150.0,,,15875.0
252,2016-08-09,15950.0,,,15725.0
253,2016-08-10,15725.0,,,15650.0
254,2016-08-10,15650.0,,,15700.0
255,2016-08-10,15675.0,,,15700.0
256,2016-08-10,15675.0,,,15650.0
257,2016-08-11,15575.0,,,15500.0
258,2016-08-11,15500.0,,,15450.0
259,2016-08-11,15500.0,,,15625.0
260,2016-08-11,15525.0,,,15625.0
261,2016-08-12,15625.0,,,15525.0
262,2016-08-12,15700.0,,,15675.0
263,2016-08-12,15675.0,,,15675.0
264,2016-08-12,15675.0,,,15625.0
265,2016-08-16,15700.0,,,15550.0
266,2016-08-16,15550.0,,,15500.0
267,2016-08-16,15500.0,,,15425.0
268,2016-08-16,15425.0,,,15475.0
269,2016-08-17,15325.0,,,15400.0
270,2016-08-17,15525.0,,,15350.0
271,2016-08-17,15350.0,,,15250.0
272,2016-08-17,15275.0,,,15325.0
273,2016-08-18,15300.0,,,15075.0
274,2016-08-18,15075.0,,,15050.0
275,2016-08-18,15050.0,,,15325.0
276,2016-08-18,15325.0,,,15325.0
277,2016-08-19,15425.0,,,15350.0
278,2016-08-19,15350.0,,,15325.0
279,2016-08-19,15300.0,,,15150.0
280,2016-08-19,15150.0,,,15325.0
281,2016-08-22,15200.0,,,15150.0
282,2016-08-22,15325.0,,,15225.0
283,2016-08-22,15225.0,,,15200.0
284,2016-08-22,15200.0,,,15200.0
285,2016-08-23,15150.0,,,15350.0
286,2016-08-23,15350.0,,,15475.0
287,2016-08-23,15475.0,,,15350.0
288,2016-08-23,15325.0,,,15300.0
289,2016-08-24,15200.0,,,15175.0
290,2016-08-24,15325.0,,,15225.0
291,2016-08-24,15225.0,,,15150.0
292,2016-08-24,15150.0,,,15200.0
293,2016-08-25,15175.0,,,15225.0
294,2016-08-25,15200.0,,,15150.0
295,2016-08-25,15150.0,,,15150.0
296,2016-08-25,15150.0,,,15150.0
297,2016-08-26,15150.0,,,15025.0
298,2016-08-26,15050.0,,,15050.0
299,2016-08-26,15050.0,,,15075.0
300,2016-08-26,15075.0,,,14975.0
301,2016-08-29,14975.0,,,14650.0
302,2016-08-29,14650.0,,,14700.0
303,2016-08-29,14675.0,,,14650.0
304,2016-08-29,14650.0,,,14600.0
305,2016-08-30,14550.0,,,14725.0
306,2016-08-30,14700.0,,,14700.0
307,2016-08-30,14625.0,,,14550.0
308,2016-08-30,14600.0,,,14650.0
309,2016-08-31,14725.0,,,14725.0
310,2016-08-31,14950.0,,,14575.0
311,2016-08-31,14575.0,,,14600.0
312,2016-08-31,14575.0,,,14725.0
313,2016-09-01,14625.0,,,14600.0
314,2016-09-01,14675.0,,,14725.0
315,2016-09-01,14725.0,,,14625.0
316,2016-09-01,14625.0,,,14675.0
317,2016-09-02,14725.0,,,15000.0
318,2016-09-02,15000.0,,,15000.0
319,2016-09-02,15025.0,,,14975.0
320,2016-09-02,14925.0,,,15050.0
321,2016-09-05,15025.0,,,14925.0
322,2016-09-05,14925.0,,,14975.0
323,2016-09-05,14975.0,,,14975.0
324,2016-09-05,14925.0,,,14925.0
325,2016-09-06,14975.0,,,14900.0
326,2016-09-06,14900.0,,,14950.0
327,2016-09-06,14975.0,,,14925.0
328,2016-09-06,14975.0,,,15000.0
329,2016-09-07,14700.0,,,14700.0
330,2016-09-07,14900.0,,,14825.0
331,2016-09-07,14825.0,,,14700.0
332,2016-09-07,15000.0,,,14900.0
333,2016-09-08,14700.0,,,14525.0
334,2016-09-08,14525.0,,,14475.0
335,2016-09-08,14475.0,,,14625.0
336,2016-09-08,14625.0,,,14725.0
337,2016-09-09,14650.0,,,14525.0
338,2016-09-09,14500.0,,,14500.0
339,2016-09-09,14500.0,,,14500.0
340,2016-09-09,14500.0,,,14650.0
341,2016-09-12,14475.0,,,14375.0
342,2016-09-12,14375.0,,,14375.0
343,2016-09-12,14375.0,,,14200.0
344,2016-09-12,14225.0,,,14450.0
345,2016-09-13,14275.0,,,14575.0
346,2016-09-13,14300.0,,,14275.0
347,2016-09-13,14450.0,,,14425.0
348,2016-09-13,14425.0,,,14300.0
349,2016-09-19,14500.0,,,14550.0
350,2016-09-19,14525.0,,,14475.0
351,2016-09-19,14475.0,,,14475.0
352,2016-09-19,14500.0,,,14500.0
353,2016-09-20,14500.0,,,14625.0
354,2016-09-20,14625.0,,,14650.0
355,2016-09-20,14625.0,,,14675.0
356,2016-09-20,14675.0,,,14600.0
357,2016-09-21,14650.0,,,14700.0
358,2016-09-21,14700.0,,,14675.0
359,2016-09-21,14650.0,,,14600.0
360,2016-09-21,14625.0,,,14650.0
361,2016-09-22,14775.0,,,14900.0
362,2016-09-22,14900.0,,,14900.0
363,2016-09-22,14925.0,,,15050.0
364,2016-09-22,15075.0,,,15075.0
365,2016-09-23,15100.0,,,15125.0
366,2016-09-23,15100.0,,,15200.0
367,2016-09-23,15200.0,,,15150.0
368,2016-09-23,15150.0,,,15125.0
369,2016-09-26,15125.0,,,15275.0
370,2016-09-26,15275.0,,,15300.0
371,2016-09-26,15325.0,,,15150.0
372,2016-09-26,15175.0,,,15300.0
373,2016-09-27,15350.0,,,15125.0
374,2016-09-27,15150.0,,,15300.0
375,2016-09-27,15300.0,,,15225.0
376,2016-09-27,15250.0,,,15225.0
377,2016-09-28,15150.0,,,15050.0
378,2016-09-28,15075.0,,,15275.0
379,2016-09-28,15250.0,,,15250.0
380,2016-09-28,15250.0,,,15250.0
381,2016-09-29,15375.0,,,15325.0
382,2016-09-29,15300.0,,,15350.0
383,2016-09-29,15250.0,,,15300.0
384,2016-09-29,15275.0,,,15250.0
385,2016-09-30,15250.0,,,15175.0
386,2016-09-30,15275.0,,,15075.0
387,2016-09-30,15075.0,,,15100.0
388,2016-09-30,15125.0,,,15250.0
389,2016-10-04,15225.0,,,15400.0
390,2016-10-04,15400.0,,,15425.0
391,2016-10-04,15175.0,,,15225.0
392,2016-10-04,15400.0,,,15400.0
393,2016-10-05,15375.0,,,15375.0
394,2016-10-05,15350.0,,,15400.0
395,2016-10-05,15375.0,,,15550.0
396,2016-10-05,15525.0,,,15550.0
397,2016-10-06,15550.0,,,15800.0
398,2016-10-06,15800.0,,,15750.0
399,2016-10-06,15750.0,,,15875.0
400,2016-10-06,15775.0,,,15825.0
401,2016-10-07,15950.0,,,16000.0
402,2016-10-07,16000.0,,,15925.0
403,2016-10-07,15925.0,,,15800.0
404,2016-10-07,15775.0,,,15875.0
405,2016-10-10,15975.0,,,15975.0
406,2016-10-10,16075.0,,,16025.0
407,2016-10-10,16025.0,,,15975.0
408,2016-10-10,16250.0,,,16075.0
409,2016-10-11,16200.0,,,16050.0
410,2016-10-11,16050.0,,,16125.0
411,2016-10-11,16100.0,,,16150.0
412,2016-10-11,16150.0,,,16100.0
413,2016-10-12,16250.0,,,15950.0
414,2016-10-12,15950.0,,,15725.0
415,2016-10-12,15700.0,,,15875.0
416,2016-10-12,15900.0,,,15750.0
417,2016-10-13,16075.0,,,15925.0
418,2016-10-13,15925.0,,,15825.0
419,2016-10-13,15850.0,,,15775.0
420,2016-10-13,15800.0,,,15750.0
421,2016-10-14,15600.0,,,15550.0
422,2016-10-14,15650.0,,,15600.0
423,2016-10-14,15825.0,,,15750.0
424,2016-10-14,15750.0,,,15675.0
425,2016-10-17,15575.0,,,15325.0
426,2016-10-17,15350.0,,,15450.0
427,2016-10-17,15425.0,,,15400.0
428,2016-10-17,15400.0,,,15350.0
429,2016-10-18,15325.0,,,15250.0
430,2016-10-18,15250.0,,,15325.0
431,2016-10-18,15325.0,,,15275.0
432,2016-10-18,15275.0,,,15225.0
433,2016-10-19,15100.0,,,15025.0
434,2016-10-19,15350.0,,,15225.0
435,2016-10-19,15225.0,,,15175.0
436,2016-10-19,15200.0,,,15075.0
437,2016-10-20,15125.0,,,15050.0
438,2016-10-20,15050.0,,,15325.0
439,2016-10-20,15325.0,,,15350.0
440,2016-10-20,15350.0,,,15275.0
441,2016-10-21,15050.0,,,15050.0
442,2016-10-21,15150.0,,,15150.0
443,2016-10-21,15125.0,,,15025.0
444,2016-10-21,15025.0,,,15050.0
445,2016-10-24,15050.0,,,15075.0
446,2016-10-24,15075.0,,,14975.0
447,2016-10-24,14975.0,,,15000.0
448,2016-10-24,14975.0,,,15000.0
449,2016-10-25,15150.0,,,14875.0
450,2016-10-25,14900.0,,,14750.0
451,2016-10-25,14775.0,,,14850.0
452,2016-10-25,14825.0,,,14975.0
453,2016-10-26,14950.0,,,14900.0
454,2016-10-26,14900.0,,,14825.0
455,2016-10-26,14825.0,,,14750.0
456,2016-10-26,14775.0,,,14800.0
457,2016-10-27,14775.0,,,14850.0
458,2016-10-27,14875.0,,,14775.0
459,2016-10-27,14800.0,,,14900.0
460,2016-10-27,14925.0,,,14900.0
461,2016-10-28,14575.0,,,14675.0
462,2016-10-28,14725.0,,,14675.0
463,2016-10-28,14825.0,,,14575.0
464,2016-10-28,14675.0,,,14700.0
465,2016-10-31,14500.0,,,14525.0
466,2016-10-31,14500.0,,,14375.0
467,2016-10-31,14400.0,,,14925.0
468,2016-10-31,14925.0,,,14900.0
469,2016-11-01,14875.0,,,14925.0
470,2016-11-01,14925.0,,,14925.0
471,2016-11-01,14950.0,,,14975.0
472,2016-11-01,14950.0,,,14950.0
473,2016-11-02,14775.0,,,14775.0
474,2016-11-02,14750.0,,,14950.0
475,2016-11-02,14950.0,,,14875.0
476,2016-11-02,14900.0,,,14800.0
477,2016-11-03,14750.0,,,14750.0
478,2016-11-03,14750.0,,,14775.0
479,2016-11-03,14700.0,,,14800.0
480,2016-11-03,14825.0,,,14775.0
481,2016-11-04,14800.0,,,14750.0
482,2016-11-04,14725.0,,,14750.0
483,2016-11-04,14775.0,,,14875.0
484,2016-11-04,14850.0,,,14800.0
485,2016-11-07,14775.0,,,14825.0
486,2016-11-07,14825.0,,,14850.0
487,2016-11-07,14850.0,,,14750.0
488,2016-11-07,14775.0,,,14825.0
489,2016-11-08,14700.0,,,14600.0
490,2016-11-08,14825.0,,,14725.0
491,2016-11-08,14750.0,,,14725.0
492,2016-11-08,14725.0,,,14675.0
493,2016-11-09,14650.0,,,14525.0
494,2016-11-09,14525.0,,,13575.0
495,2016-11-09,13525.0,,,13950.0
496,2016-11-09,13950.0,,,13700.0
497,2016-11-10,14475.0,,,14650.0
498,2016-11-10,14275.0,,,14275.0
499,2016-11-10,14200.0,,,14275.0
500,2016-11-10,14300.0,,,14450.0
501,2016-11-11,14575.0,,,14425.0
502,2016-11-11,14425.0,,,14375.0
503,2016-11-11,14375.0,,,14400.0
504,2016-11-11,14400.0,,,14400.0
505,2016-11-14,14500.0,,,14650.0
506,2016-11-14,14650.0,,,14500.0
507,2016-11-14,14475.0,,,14475.0
508,2016-11-14,14450.0,,,14450.0
509,2016-11-15,14750.0,,,14750.0
510,2016-11-15,14450.0,,,14675.0
511,2016-11-15,14700.0,,,14850.0
512,2016-11-15,14850.0,,,14750.0
513,2016-11-16,14725.0,,,15100.0
514,2016-11-16,15100.0,,,15000.0
515,2016-11-16,15025.0,,,14975.0
516,2016-11-16,15000.0,,,15000.0
517,2016-11-17,15075.0,,,15075.0
518,2016-11-17,15000.0,,,15200.0
519,2016-11-17,15175.0,,,15075.0
520,2016-11-17,15050.0,,,15075.0
521,2016-11-18,15050.0,,,14975.0
522,2016-11-18,14975.0,,,14950.0
523,2016-11-18,14925.0,,,14925.0
524,2016-11-18,14925.0,,,14975.0
525,2016-11-21,14975.0,,,14675.0
526,2016-11-21,14625.0,,,14675.0
527,2016-11-21,14675.0,,,14550.0
528,2016-11-21,14525.0,,,14925.0
529,2016-11-22,14900.0,,,15050.0
530,2016-11-22,15025.0,,,14950.0
531,2016-11-22,14950.0,,,14850.0
532,2016-11-22,14850.0,,,14850.0
533,2016-11-23,14475.0,,,14400.0
534,2016-11-23,14400.0,,,14450.0
535,2016-11-23,14850.0,,,14500.0
536,2016-11-23,14525.0,,,14425.0
537,2016-11-24,14400.0,,,14175.0
538,2016-11-24,14175.0,,,14100.0
539,2016-11-24,14100.0,,,14075.0
540,2016-11-24,14400.0,,,14475.0
541,2016-11-25,14400.0,,,14150.0
542,2016-11-25,14150.0,,,14075.0
543,2016-11-25,14075.0,,,14100.0
544,2016-11-25,14125.0,,,14175.0
545,2016-11-28,13750.0,,,13750.0
546,2016-11-28,14000.0,,,13825.0
547,2016-11-28,13825.0,,,13775.0
548,2016-11-28,14025.0,,,14000.0
549,2016-11-29,13750.0,,,13725.0
550,2016-11-29,13700.0,,,13750.0
551,2016-11-29,13775.0,,,13675.0
552,2016-11-29,13725.0,,,13725.0
553,2016-11-30,13775.0,,,13775.0
554,2016-11-30,13850.0,,,13775.0
555,2016-11-30,13725.0,,,13850.0
556,2016-11-30,13850.0,,,13875.0
557,2016-12-01,13950.0,,,14350.0
558,2016-12-01,14375.0,,,14525.0
559,2016-12-01,14525.0,,,14425.0
560,2016-12-01,14350.0,,,14450.0
561,2016-12-02,14450.0,,,14375.0
562,2016-12-02,14375.0,,,14550.0
563,2016-12-02,14550.0,,,14550.0
564,2016-12-02,14575.0,,,14500.0
565,2016-12-05,14125.0,,,14125.0
566,2016-12-05,14575.0,,,14350.0
567,2016-12-05,14350.0,,,14350.0
568,2016-12-05,14350.0,,,14125.0
569,2016-12-06,14075.0,,,14275.0
570,2016-12-06,14275.0,,,14275.0
571,2016-12-06,14250.0,,,13975.0
572,2016-12-06,14025.0,,,14050.0
573,2016-12-07,14100.0,,,14025.0
574,2016-12-07,14050.0,,,14000.0
575,2016-12-07,14000.0,,,14075.0
576,2016-12-07,14075.0,,,14100.0
577,2016-12-08,14100.0,,,14225.0
578,2016-12-08,14225.0,,,14075.0
579,2016-12-08,14100.0,,,14150.0
580,2016-12-08,14150.0,,,14150.0
581,2016-12-09,14150.0,,,14600.0
582,2016-12-09,14600.0,,,14375.0
583,2016-12-09,14375.0,,,14375.0
584,2016-12-09,14375.0,,,14400.0
585,2016-12-12,14825.0,,,14925.0
586,2016-12-12,14575.0,,,14850.0
587,2016-12-12,14825.0,,,14825.0
588,2016-12-12,14825.0,,,14825.0
589,2016-12-13,14950.0,,,14900.0
590,2016-12-13,14900.0,,,14900.0
591,2016-12-13,14875.0,,,14975.0
592,2016-12-13,14975.0,,,15075.0
593,2016-12-14,15025.0,,,15150.0
594,2016-12-14,15050.0,,,15000.0
595,2016-12-14,14975.0,,,15075.0
596,2016-12-14,15050.0,,,15025.0
597,2016-12-15,15025.0,,,15600.0
598,2016-12-15,15600.0,,,15450.0
599,2016-12-15,15450.0,,,15425.0
600,2016-12-15,15400.0,,,15400.0
601,2016-12-16,15550.0,,,15425.0
602,2016-12-16,15425.0,,,15375.0
603,2016-12-16,15375.0,,,15375.0
604,2016-12-16,15375.0,,,15325.0
605,2016-12-19,15275.0,,,15250.0
606,2016-12-19,15250.0,,,15350.0
607,2016-12-19,15325.0,,,15300.0
608,2016-12-19,15250.0,,,15300.0
609,2016-12-20,15175.0,,,15150.0
610,2016-12-20,15225.0,,,15200.0
611,2016-12-20,15200.0,,,15250.0
612,2016-12-20,15275.0,,,15200.0
613,2016-12-21,15150.0,,,15225.0
614,2016-12-21,15275.0,,,15275.0
615,2016-12-21,15200.0,,,15150.0
616,2016-12-21,15225.0,,,15275.0
617,2016-12-22,15175.0,,,15125.0
618,2016-12-22,15125.0,,,15025.0
619,2016-12-22,15000.0,,,15075.0
620,2016-12-22,15075.0,,,15175.0
621,2016-12-23,15250.0,,,15100.0
622,2016-12-23,15075.0,,,15125.0
623,2016-12-23,15100.0,,,15175.0
624,2016-12-23,15175.0,,,15200.0
625,2016-12-26,15050.0,,,15200.0
626,2016-12-26,15200.0,,,15075.0
627,2016-12-26,15075.0,,,15050.0
628,2016-12-26,15050.0,,,15075.0
629,2016-12-27,15025.0,,,15175.0
630,2016-12-27,15175.0,,,15125.0
631,2016-12-27,15150.0,,,15150.0
632,2016-12-27,15150.0,,,15225.0
633,2016-12-28,15125.0,,,15025.0
634,2016-12-28,15075.0,,,15175.0
635,2016-12-28,15200.0,,,15125.0
636,2016-12-28,15150.0,,,15075.0
637,2016-12-29,15025.0,,,14975.0
638,2016-12-29,15000.0,,,15000.0
639,2016-12-29,15000.0,,,14975.0
640,2016-12-29,14975.0,,,15000.0
641,2017-01-02,15075.0,,,14850.0
642,2017-01-02,14900.0,,,14825.0
643,2017-01-02,14850.0,,,14700.0
644,2017-01-03,14700.0,,,14900.0
645,2017-01-03,14900.0,,,15125.0
646,2017-01-03,15125.0,,,15325.0
647,2017-01-03,15325.0,,,15450.0
648,2017-01-04,15375.0,,,15175.0
649,2017-01-04,15150.0,,,15350.0
650,2017-01-04,15275.0,,,15325.0
651,2017-01-04,15350.0,,,15375.0
652,2017-01-05,15450.0,,,15075.0
653,2017-01-05,15075.0,,,15050.0
654,2017-01-05,15075.0,,,15200.0
655,2017-01-05,15200.0,,,15400.0
656,2017-01-06,15550.0,,,15950.0
657,2017-01-06,15975.0,,,15975.0
658,2017-01-06,15975.0,,,15725.0
659,2017-01-06,15750.0,,,15750.0
660,2017-01-09,16150.0,,,16200.0
661,2017-01-09,15775.0,,,15650.0
662,2017-01-09,15625.0,,,15750.0
663,2017-01-09,15725.0,,,16150.0
664,2017-01-10,16050.0,,,16225.0
665,2017-01-10,16225.0,,,16275.0
666,2017-01-10,16250.0,,,16050.0
667,2017-01-10,16025.0,,,16075.0
668,2017-01-11,15975.0,,,16025.0
669,2017-01-11,16150.0,,,16150.0
670,2017-01-11,16150.0,,,16075.0
671,2017-01-11,16075.0,,,15975.0
672,2017-01-12,16225.0,,,16350.0
673,2017-01-12,16350.0,,,16575.0
674,2017-01-12,16575.0,,,16550.0
675,2017-01-12,16550.0,,,16500.0
676,2017-01-13,16600.0,,,16750.0
677,2017-01-13,16725.0,,,16500.0
678,2017-01-13,16475.0,,,16750.0
679,2017-01-13,16750.0,,,16800.0
680,2017-01-16,16850.0,,,16775.0
681,2017-01-16,16775.0,,,16775.0
682,2017-01-16,16775.0,,,16700.0
683,2017-01-16,16725.0,,,16625.0
684,2017-01-17,16650.0,,,16375.0
685,2017-01-17,16375.0,,,16375.0
686,2017-01-17,16750.0,,,16675.0
687,2017-01-17,16650.0,,,16650.0
688,2017-01-18,16200.0,,,16375.0
689,2017-01-18,16450.0,,,16500.0
690,2017-01-18,16475.0,,,16525.0
691,2017-01-18,16525.0,,,16450.0
692,2017-01-19,16450.0,,,16350.0
693,2017-01-19,16350.0,,,16075.0
694,2017-01-19,16075.0,,,15975.0
695,2017-01-19,15975.0,,,16000.0
696,2017-01-20,16200.0,,,16300.0
697,2017-01-20,16000.0,,,15825.0
698,2017-01-20,15825.0,,,16025.0
699,2017-01-20,16025.0,,,16200.0
700,2017-01-23,16300.0,,,16300.0
701,2017-01-23,16300.0,,,16225.0
702,2017-01-23,16225.0,,,16300.0
703,2017-01-23,16300.0,,,16350.0
704,2017-01-24,16325.0,,,16225.0
705,2017-01-24,16350.0,,,16200.0
706,2017-01-24,16200.0,,,16225.0
707,2017-01-24,16225.0,,,16350.0
708,2017-01-25,16150.0,,,16200.0
709,2017-01-25,16175.0,,,16175.0
710,2017-01-25,16175.0,,,16100.0
711,2017-01-25,16100.0,,,16100.0
712,2017-01-26,16175.0,,,16150.0
713,2017-01-26,16125.0,,,16100.0
714,2017-01-26,16125.0,,,16100.0
715,2017-01-26,16275.0,,,16050.0
716,2017-01-31,16100.0,,,15975.0
717,2017-01-31,15975.0,,,16000.0
718,2017-01-31,16000.0,,,16075.0
719,2017-01-31,16075.0,,,16000.0
720,2017-02-01,16400.0,,,16425.0
721,2017-02-01,16400.0,,,16425.0
722,2017-02-01,15950.0,,,16350.0
723,2017-02-01,16350.0,,,16400.0
724,2017-02-02,16425.0,,,16400.0
725,2017-02-02,16425.0,,,16175.0
726,2017-02-02,16175.0,,,16150.0
727,2017-02-02,16600.0,,,16425.0
728,2017-02-03,16000.0,,,16100.0
729,2017-02-03,16150.0,,,16050.0
730,2017-02-03,16025.0,,,16225.0
731,2017-02-03,16225.0,,,16200.0
732,2017-02-06,16425.0,,,16500.0
733,2017-02-06,16450.0,,,16450.0
734,2017-02-06,16475.0,,,16450.0
735,2017-02-06,16150.0,,,16475.0
736,2017-02-07,16500.0,,,16275.0
737,2017-02-07,16275.0,,,16175.0
738,2017-02-07,16175.0,,,15975.0
739,2017-02-07,15950.0,,,16000.0
740,2017-02-08,15875.0,,,15825.0
741,2017-02-08,15750.0,,,15825.0
742,2017-02-08,16000.0,,,15750.0
743,2017-02-08,15850.0,,,15850.0
744,2017-02-09,15750.0,,,16200.0
745,2017-02-09,16200.0,,,16275.0
746,2017-02-09,16300.0,,,16450.0
747,2017-02-09,16425.0,,,16500.0
748,2017-02-10,16325.0,,,16300.0
749,2017-02-10,16300.0,,,16325.0
750,2017-02-10,16500.0,,,16500.0
751,2017-02-10,16475.0,,,16300.0
752,2017-02-13,16325.0,,,16375.0
753,2017-02-13,16375.0,,,16300.0
754,2017-02-13,16275.0,,,16550.0
755,2017-02-13,16550.0,,,16750.0
756,2017-02-14,16700.0,,,16800.0
757,2017-02-14,16800.0,,,16550.0
758,2017-02-14,16550.0,,,16500.0
759,2017-02-14,16500.0,,,16600.0
760,2017-02-15,16800.0,,,16775.0
761,2017-02-15,16550.0,,,16800.0
762,2017-02-15,16575.0,,,16550.0
763,2017-02-15,16850.0,,,16575.0
764,2017-02-16,16775.0,,,16100.0
765,2017-02-16,16100.0,,,16150.0
766,2017-02-16,16150.0,,,16025.0
767,2017-02-16,16025.0,,,16025.0
768,2017-02-17,15975.0,,,16000.0
769,2017-02-17,16000.0,,,16025.0
770,2017-02-17,16050.0,,,16025.0
771,2017-02-17,16025.0,,,16125.0
772,2017-02-20,16075.0,,,16075.0
773,2017-02-20,16075.0,,,16050.0
774,2017-02-20,16050.0,,,16025.0
775,2017-02-20,16025.0,,,16100.0
776,2017-02-21,16100.0,,,16225.0
777,2017-02-21,16225.0,,,16025.0
778,2017-02-21,16050.0,,,16025.0
779,2017-02-21,16025.0,,,16075.0
780,2017-02-22,16200.0,,,16400.0
781,2017-02-22,16225.0,,,16275.0
782,2017-02-22,16275.0,,,16225.0
783,2017-02-22,16200.0,,,16200.0
784,2017-02-23,16375.0,,,16325.0
785,2017-02-23,16325.0,,,16275.0
786,2017-02-23,16300.0,,,16200.0
787,2017-02-23,16200.0,,,16175.0
788,2017-02-24,16250.0,,,16150.0
789,2017-02-24,16150.0,,,16025.0
790,2017-02-24,16100.0,,,16200.0
791,2017-02-24,16200.0,,,16125.0
792,2017-02-27,16125.0,,,16100.0
793,2017-02-27,16075.0,,,16050.0
794,2017-02-27,16050.0,,,15950.0
795,2017-02-27,15925.0,,,15950.0
796,2017-02-28,16225.0,,,16200.0
797,2017-02-28,16175.0,,,16225.0
798,2017-02-28,16000.0,,,16225.0
799,2017-02-28,15950.0,,,16000.0
800,2017-03-02,16300.0,,,16250.0
801,2017-03-02,16250.0,,,16425.0
802,2017-03-02,16400.0,,,16325.0
803,2017-03-02,16350.0,,,16300.0
804,2017-03-03,16250.0,,,16125.0
805,2017-03-03,16100.0,,,16025.0
806,2017-03-03,16100.0,,,16050.0
807,2017-03-03,16025.0,,,16075.0
808,2017-03-06,16100.0,,,16150.0
809,2017-03-06,16150.0,,,16100.0
810,2017-03-06,16100.0,,,16175.0
811,2017-03-06,16025.0,,,16100.0
812,2017-03-07,16075.0,,,16000.0
813,2017-03-07,16000.0,,,16175.0
814,2017-03-07,16175.0,,,16500.0
815,2017-03-07,16500.0,,,16500.0
816,2017-03-08,17525.0,,,17575.0
817,2017-03-08,17100.0,,,17525.0
818,2017-03-08,16500.0,,,16850.0
819,2017-03-08,16850.0,,,17075.0
820,2017-03-09,17750.0,,,17950.0
821,2017-03-09,17950.0,,,17775.0
822,2017-03-09,17800.0,,,17850.0
823,2017-03-09,17850.0,,,17700.0
824,2017-03-10,17875.0,,,18150.0
825,2017-03-10,18150.0,,,18600.0
826,2017-03-10,18600.0,,,18600.0
827,2017-03-10,18600.0,,,18500.0
828,2017-03-13,18400.0,,,18400.0
829,2017-03-13,18650.0,,,18525.0
830,2017-03-13,18525.0,,,18475.0
831,2017-03-13,18500.0,,,18425.0
832,2017-03-14,18425.0,,,18975.0
833,2017-03-14,18975.0,,,18850.0
834,2017-03-14,18850.0,,,18750.0
835,2017-03-14,18750.0,,,18500.0
836,2017-03-15,18325.0,,,18300.0
837,2017-03-15,18525.0,,,18425.0
838,2017-03-15,18500.0,,,18525.0
839,2017-03-15,18425.0,,,18325.0
840,2017-03-16,18900.0,,,19225.0
841,2017-03-16,19225.0,,,19025.0
842,2017-03-16,19025.0,,,19025.0
843,2017-03-16,18350.0,,,18800.0
844,2017-03-17,19150.0,,,19075.0
845,2017-03-17,19075.0,,,19100.0
846,2017-03-17,19075.0,,,19125.0
847,2017-03-17,19125.0,,,19125.0
848,2017-03-20,18875.0,,,19000.0
849,2017-03-20,18850.0,,,18900.0
850,2017-03-20,18900.0,,,18875.0
851,2017-03-20,19075.0,,,18875.0
852,2017-03-21,18950.0,,,18750.0
853,2017-03-21,18750.0,,,18650.0
854,2017-03-21,18675.0,,,18750.0
855,2017-03-21,18825.0,,,18600.0
856,2017-03-22,18775.0,,,18500.0
857,2017-03-22,18200.0,,,18775.0
858,2017-03-22,18550.0,,,18600.0
859,2017-03-22,18625.0,,,18225.0
860,2017-03-23,18625.0,,,18550.0
861,2017-03-23,18500.0,,,18400.0
862,2017-03-23,18400.0,,,19025.0
863,2017-03-23,19000.0,,,19050.0
864,2017-03-24,19000.0,,,18825.0
865,2017-03-24,18850.0,,,18875.0
866,2017-03-24,18875.0,,,19150.0
867,2017-03-24,19150.0,,,19025.0
868,2017-03-27,18850.0,,,18900.0
869,2017-03-27,19025.0,,,18975.0
870,2017-03-27,18975.0,,,18850.0
871,2017-03-27,18850.0,,,18850.0
872,2017-03-28,18900.0,,,18875.0
873,2017-03-28,18850.0,,,18825.0
874,2017-03-28,18850.0,,,18525.0
875,2017-03-28,18550.0,,,18650.0
876,2017-03-29,18550.0,,,18600.0
877,2017-03-29,18600.0,,,18650.0
878,2017-03-29,18650.0,,,18525.0
879,2017-03-29,18550.0,,,18550.0
880,2017-03-30,18800.0,,,19425.0
881,2017-03-30,19425.0,,,19350.0
882,2017-03-30,19325.0,,,19475.0
883,2017-03-30,19500.0,,,19550.0
884,2017-03-31,19550.0,,,19425.0
885,2017-03-31,19400.0,,,19400.0
886,2017-03-31,19400.0,,,19275.0
887,2017-03-31,19275.0,,,19425.0
888,2017-04-03,19425.0,,,19500.0
889,2017-04-03,19400.0,,,19300.0
890,2017-04-03,19375.0,,,19275.0
891,2017-04-03,19275.0,,,19400.0
892,2017-04-04,19525.0,,,19975.0
893,2017-04-04,19950.0,,,19900.0
894,2017-04-04,19875.0,,,19750.0
895,2017-04-04,19775.0,,,19700.0
896,2017-04-05,19150.0,,,19150.0
897,2017-04-05,19875.0,,,19750.0
898,2017-04-05,19750.0,,,19175.0
899,2017-04-05,19175.0,,,19175.0
900,2017-04-06,19500.0,,,19825.0
901,2017-04-06,19850.0,,,19775.0
902,2017-04-06,19800.0,,,19250.0
903,2017-04-06,19250.0,,,19150.0
904,2017-04-07,19175.0,,,18750.0
905,2017-04-07,18750.0,,,18850.0
906,2017-04-07,18875.0,,,19100.0
907,2017-04-07,19125.0,,,19100.0
908,2017-04-10,19125.0,,,19300.0
909,2017-04-10,19325.0,,,19225.0
910,2017-04-10,19225.0,,,19150.0
911,2017-04-10,19150.0,,,19100.0
912,2017-04-11,19425.0,,,19500.0
913,2017-04-11,19425.0,,,19450.0
914,2017-04-11,19175.0,,,19400.0
915,2017-04-11,19375.0,,,19425.0
916,2017-04-12,19375.0,,,19475.0
917,2017-04-12,19425.0,,,19375.0
918,2017-04-12,19350.0,,,19375.0
919,2017-04-12,19475.0,,,19425.0
920,2017-04-13,19725.0,,,19875.0
921,2017-04-13,19625.0,,,19600.0
922,2017-04-13,19600.0,,,19825.0
923,2017-04-13,19825.0,,,19700.0
924,2017-04-14,20000.0,,,19950.0
925,2017-04-14,19950.0,,,19975.0
926,2017-04-14,19975.0,,,20225.0
927,2017-04-14,20250.0,,,20075.0
928,2017-04-17,20425.0,,,20800.0
929,2017-04-17,20825.0,,,20300.0
930,2017-04-17,20300.0,,,20475.0
931,2017-04-17,20475.0,,,20525.0
932,2017-04-18,20750.0,,,20600.0
933,2017-04-18,20575.0,,,20750.0
934,2017-04-18,20750.0,,,20850.0
935,2017-04-18,20850.0,,,20750.0
936,2017-04-19,20450.0,,,20400.0
937,2017-04-19,20525.0,,,20425.0
938,2017-04-19,20700.0,,,20550.0
939,2017-04-19,20700.0,,,20725.0
940,2017-04-20,21050.0,,,20200.0
941,2017-04-20,20200.0,,,20050.0
942,2017-04-20,20050.0,,,20000.0
943,2017-04-20,20000.0,,,20100.0
944,2017-04-21,20050.0,,,19800.0
945,2017-04-21,19750.0,,,19750.0
946,2017-04-21,19750.0,,,19850.0
947,2017-04-21,19850.0,,,20000.0
948,2017-04-24,19750.0,,,19600.0
949,2017-04-24,19550.0,,,19650.0
950,2017-04-24,19650.0,,,19550.0
951,2017-04-24,19500.0,,,19500.0
952,2017-04-25,19550.0,,,19650.0
953,2017-04-25,19600.0,,,19550.0
954,2017-04-25,19500.0,,,19450.0
955,2017-04-25,19500.0,,,19600.0
956,2017-04-26,19600.0,,,19500.0
957,2017-04-26,19500.0,,,19050.0
958,2017-04-26,19100.0,,,19150.0
959,2017-04-26,19200.0,,,19150.0
960,2017-04-27,19250.0,,,19150.0
961,2017-04-27,19150.0,,,19250.0
962,2017-04-27,19250.0,,,19150.0
963,2017-04-27,19200.0,,,19150.0
964,2017-04-28,19000.0,,,19450.0
965,2017-04-28,19450.0,,,19250.0
966,2017-04-28,19300.0,,,19300.0
967,2017-04-28,19300.0,,,19300.0
968,2017-05-02,19450.0,,,19500.0
969,2017-05-02,19500.0,,,19550.0
970,2017-05-02,19500.0,,,19300.0
971,2017-05-02,19300.0,,,19500.0
972,2017-05-04,19550.0,,,19950.0
973,2017-05-04,19950.0,,,19950.0
974,2017-05-04,19900.0,,,20050.0
975,2017-05-04,20000.0,,,20000.0
976,2017-05-08,19850.0,,,19800.0
977,2017-05-08,19800.0,,,19950.0
978,2017-05-08,20100.0,,,19800.0
979,2017-05-08,19850.0,,,19800.0
980,2017-05-10,19750.0,,,19850.0
981,2017-05-10,19800.0,,,19800.0
982,2017-05-10,19800.0,,,19750.0
983,2017-05-10,19750.0,,,19800.0
984,2017-05-11,19800.0,,,19600.0
985,2017-05-11,19600.0,,,19600.0
986,2017-05-11,19600.0,,,19650.0
987,2017-05-11,19650.0,,,19750.0
988,2017-05-12,19150.0,,,19300.0
989,2017-05-12,19150.0,,,19200.0
990,2017-05-12,19650.0,,,19250.0
991,2017-05-12,19250.0,,,19150.0
992,2017-05-15,19800.0,,,19350.0
993,2017-05-15,19350.0,,,19450.0
994,2017-05-15,19450.0,,,19450.0
995,2017-05-15,19450.0,,,19600.0
996,2017-05-16,19400.0,,,19150.0
997,2017-05-16,19150.0,,,19000.0
998,2017-05-16,19000.0,,,19200.0
999,2017-05-16,19150.0,,,19300.0
1000,2017-05-17,18950.0,,,19050.0
1001,2017-05-17,19000.0,,,18850.0
1002,2017-05-17,18850.0,,,19000.0
1003,2017-05-17,19000.0,,,19050.0
1004,2017-05-18,18450.0,,,19050.0
1005,2017-05-18,19000.0,,,19250.0
1006,2017-05-18,18600.0,,,18800.0
1007,2017-05-18,18750.0,,,18450.0
1008,2017-05-19,18500.0,,,18650.0
1009,2017-05-19,18650.0,,,18950.0
1010,2017-05-19,18900.0,,,18950.0
1011,2017-05-19,18900.0,,,18850.0
1012,2017-05-22,18750.0,,,18300.0
1013,2017-05-22,18300.0,,,18150.0
1014,2017-05-22,18150.0,,,18100.0
1015,2017-05-22,18050.0,,,18200.0
1016,2017-05-23,18100.0,,,18250.0
1017,2017-05-23,18100.0,,,18100.0
1018,2017-05-23,18150.0,,,18150.0
1019,2017-05-23,18100.0,,,18150.0
1020,2017-05-24,18150.0,,,17600.0
1021,2017-05-24,17600.0,,,17650.0
1022,2017-05-24,17700.0,,,17550.0
1023,2017-05-24,17550.0,,,17800.0
1024,2017-05-25,17450.0,,,17750.0
1025,2017-05-25,17800.0,,,17850.0
1026,2017-05-25,17700.0,,,17500.0
1027,2017-05-25,17500.0,,,17500.0
1028,2017-05-26,18350.0,,,18100.0
1029,2017-05-26,18100.0,,,18450.0
1030,2017-05-26,18450.0,,,18500.0
1031,2017-05-26,17950.0,,,18350.0
1032,2017-05-29,18600.0,,,18250.0
1033,2017-05-29,18300.0,,,18100.0
1034,2017-05-29,18100.0,,,18200.0
1035,2017-05-29,18200.0,,,18150.0
1036,2017-05-30,19850.0,,,19950.0
1037,2017-05-30,19450.0,,,19600.0
1038,2017-05-30,19550.0,,,19850.0
1039,2017-05-30,18350.0,,,19400.0
1040,2017-05-31,20350.0,,,20850.0
1041,2017-05-31,20850.0,,,20750.0
1042,2017-05-31,20800.0,,,20550.0
1043,2017-05-31,20600.0,,,20350.0
1044,2017-06-01,20450.0,,,20250.0
1045,2017-06-01,20600.0,,,20450.0
1046,2017-06-01,20600.0,,,20650.0
1047,2017-06-01,20650.0,,,20650.0
1048,2017-06-02,20250.0,,,20250.0
1049,2017-06-02,20250.0,,,20050.0
1050,2017-06-02,20050.0,,,20050.0
1051,2017-06-02,20000.0,,,20100.0
1052,2017-06-05,20400.0,,,20400.0
1053,2017-06-05,20400.0,,,20700.0
1054,2017-06-05,20700.0,,,20750.0
1055,2017-06-05,20750.0,,,20850.0
1056,2017-06-07,20900.0,,,20850.0
1057,2017-06-07,20850.0,,,21000.0
1058,2017-06-07,21000.0,,,20900.0
1059,2017-06-07,20850.0,,,20900.0
1060,2017-06-08,20900.0,,,20550.0
1061,2017-06-08,20550.0,,,20550.0
1062,2017-06-08,20500.0,,,20650.0
1063,2017-06-08,20700.0,,,20700.0
1064,2017-06-09,20450.0,,,20500.0
1065,2017-06-09,20400.0,,,20500.0
1066,2017-06-09,20850.0,,,20400.0
1067,2017-06-09,20500.0,,,20450.0
1068,2017-06-12,20400.0,,,20500.0
1069,2017-06-12,20450.0,,,20600.0
1070,2017-06-12,20350.0,,,20400.0
1071,2017-06-12,20500.0,,,20450.0
1072,2017-06-13,20650.0,,,20350.0
1073,2017-06-13,20350.0,,,20350.0
1074,2017-06-13,20350.0,,,20200.0
1075,2017-06-13,20200.0,,,20200.0
1076,2017-06-14,20100.0,,,20300.0
1077,2017-06-14,20300.0,,,20300.0
1078,2017-06-14,20250.0,,,20200.0
1079,2017-06-14,20200.0,,,20200.0
1080,2017-06-15,20350.0,,,20400.0
1081,2017-06-15,20350.0,,,20250.0
1082,2017-06-15,20250.0,,,20550.0
1083,2017-06-15,20500.0,,,20400.0
1084,2017-06-16,20050.0,,,20100.0
1085,2017-06-16,20100.0,,,20100.0
1086,2017-06-16,20400.0,,,20050.0
1087,2017-06-16,20050.0,,,20050.0
1088,2017-06-19,20100.0,,,20000.0
1089,2017-06-19,20000.0,,,19750.0
1090,2017-06-19,19700.0,,,19700.0
1091,2017-06-19,19700.0,,,19650.0
1092,2017-06-20,19700.0,,,20000.0
1093,2017-06-20,19950.0,,,20200.0
1094,2017-06-20,20250.0,,,20350.0
1095,2017-06-20,20400.0,,,20250.0
1096,2017-06-21,19850.0,,,19950.0
1097,2017-06-21,20150.0,,,19900.0
1098,2017-06-21,19850.0,,,19700.0
1099,2017-06-21,19700.0,,,19800.0
1100,2017-06-22,20000.0,,,19450.0
1101,2017-06-22,19500.0,,,19300.0
1102,2017-06-22,19250.0,,,19000.0
1103,2017-06-22,19000.0,,,19200.0
1104,2017-06-23,19650.0,,,19700.0
1105,2017-06-23,19400.0,,,19550.0
1106,2017-06-23,19150.0,,,19400.0
1107,2017-06-23,19550.0,,,19600.0
1108,2017-06-26,19700.0,,,19500.0
1109,2017-06-26,19500.0,,,19550.0
1110,2017-06-26,19500.0,,,19500.0
1111,2017-06-26,19550.0,,,19650.0
1112,2017-06-27,19650.0,,,19600.0
1113,2017-06-27,19600.0,,,20050.0
1114,2017-06-27,20050.0,,,20050.0
1115,2017-06-27,20050.0,,,20100.0
1116,2017-06-28,19950.0,,,20050.0
1117,2017-06-28,19900.0,,,20200.0
1118,2017-06-28,20200.0,,,20200.0
1119,2017-06-28,20200.0,,,19950.0
1120,2017-06-29,20150.0,,,20000.0
1121,2017-06-29,19950.0,,,19800.0
1122,2017-06-29,19800.0,,,19700.0
1123,2017-06-29,19750.0,,,19750.0
1124,2017-06-30,19150.0,,,19250.0
1125,2017-06-30,19750.0,,,19150.0
1126,2017-06-30,19150.0,,,19150.0
1127,2017-06-30,19100.0,,,19100.0
1128,2017-07-03,19300.0,,,19550.0
1129,2017-07-03,19550.0,,,19350.0
1130,2017-07-03,19300.0,,,19250.0
1131,2017-07-03,19250.0,,,19400.0
1132,2017-07-04,19450.0,,,19000.0
1133,2017-07-04,19000.0,,,18950.0
1134,2017-07-04,18950.0,,,18850.0
1135,2017-07-04,18900.0,,,19000.0
1136,2017-07-05,18900.0,,,19050.0
1137,2017-07-05,19100.0,,,19000.0
1138,2017-07-05,19000.0,,,18850.0
1139,2017-07-05,18900.0,,,19000.0
1140,2017-07-06,19150.0,,,19250.0
1141,2017-07-06,19150.0,,,19150.0
1142,2017-07-06,18950.0,,,19150.0
1143,2017-07-06,19150.0,,,19200.0
1144,2017-07-07,19100.0,,,19050.0
1145,2017-07-07,19000.0,,,18750.0
1146,2017-07-07,18750.0,,,18800.0
1147,2017-07-07,18800.0,,,18900.0
1148,2017-07-10,19000.0,,,18850.0
1149,2017-07-10,18900.0,,,19050.0
1150,2017-07-10,19050.0,,,18900.0
1151,2017-07-10,18900.0,,,19100.0
1152,2017-07-11,18650.0,,,18800.0
1153,2017-07-11,19100.0,,,18900.0
1154,2017-07-11,18900.0,,,18750.0
1155,2017-07-11,18750.0,,,18700.0
1156,2017-07-12,18800.0,,,18450.0
1157,2017-07-12,18500.0,,,18450.0
1158,2017-07-12,18400.0,,,18300.0
1159,2017-07-12,18350.0,,,18500.0
1160,2017-07-13,18550.0,,,18600.0
1161,2017-07-13,18450.0,,,18650.0
1162,2017-07-13,18700.0,,,18550.0
1163,2017-07-13,18550.0,,,18500.0
1164,2017-07-14,18900.0,,,19150.0
1165,2017-07-14,19200.0,,,19150.0
1166,2017-07-14,19200.0,,,19150.0
1167,2017-07-14,19100.0,,,19050.0
1168,2017-07-17,19000.0,,,19100.0
1169,2017-07-17,19100.0,,,19050.0
1170,2017-07-17,19050.0,,,19100.0
1171,2017-07-17,19100.0,,,19200.0
1172,2017-07-18,19200.0,,,19250.0
1173,2017-07-18,19200.0,,,19200.0
1174,2017-07-18,19200.0,,,19150.0
1175,2017-07-18,19150.0,,,19150.0
1176,2017-07-19,20050.0,,,19900.0
1177,2017-07-19,19900.0,,,19950.0
1178,2017-07-19,19150.0,,,19950.0
1179,2017-07-19,19900.0,,,20100.0
1180,2017-07-20,19900.0,,,19800.0
1181,2017-07-20,19800.0,,,19900.0
1182,2017-07-20,19900.0,,,20000.0
1183,2017-07-20,20050.0,,,19850.0
1184,2017-07-21,20050.0,,,20100.0
1185,2017-07-21,20100.0,,,20100.0
1186,2017-07-21,20050.0,,,20100.0
1187,2017-07-21,20050.0,,,20150.0
1188,2017-07-24,20150.0,,,19950.0
1189,2017-07-24,20500.0,,,20250.0
1190,2017-07-24,20250.0,,,20100.0
1191,2017-07-24,20150.0,,,20500.0
1192,2017-07-25,19950.0,,,19950.0
1193,2017-07-25,19900.0,,,19900.0
1194,2017-07-25,19900.0,,,19500.0
1195,2017-07-25,19600.0,,,19650.0
1196,2017-07-26,19250.0,,,19450.0
1197,2017-07-26,19250.0,,,19250.0
1198,2017-07-26,19550.0,,,19300.0
1199,2017-07-26,19250.0,,,19250.0
1200,2017-07-27,19450.0,,,19400.0
1201,2017-07-27,19350.0,,,19550.0
1202,2017-07-27,19550.0,,,19500.0
1203,2017-07-27,19500.0,,,19650.0
1204,2017-07-28,20250.0,,,20100.0
1205,2017-07-28,20000.0,,,19850.0
1206,2017-07-28,19800.0,,,20400.0
1207,2017-07-28,20450.0,,,20250.0
1208,2017-07-31,20000.0,,,19700.0
1209,2017-07-31,19650.0,,,20000.0
1210,2017-07-31,20000.0,,,20150.0
1211,2017-07-31,20200.0,,,20350.0
1212,2017-08-01,20550.0,,,20300.0
1213,2017-08-01,20300.0,,,20400.0
1214,2017-08-01,20450.0,,,20450.0
1215,2017-08-01,20400.0,,,20150.0
1216,2017-08-02,20000.0,,,20100.0
1217,2017-08-02,19950.0,,,20050.0
1218,2017-08-02,19850.0,,,20000.0
1219,2017-08-02,20300.0,,,19850.0
1220,2017-08-03,19350.0,,,19450.0
1221,2017-08-03,20050.0,,,19350.0
1222,2017-08-03,19400.0,,,19450.0
1223,2017-08-03,19450.0,,,19350.0
1224,2017-08-04,19600.0,,,19700.0
1225,2017-08-04,19500.0,,,19650.0
1226,2017-08-04,19500.0,,,19600.0
1227,2017-08-04,19700.0,,,19450.0
1228,2017-08-07,19800.0,,,19950.0
1229,2017-08-07,19950.0,,,20000.0
1230,2017-08-07,19950.0,,,19900.0
1231,2017-08-07,19900.0,,,19900.0
1232,2017-08-08,20100.0,,,20150.0
1233,2017-08-08,19900.0,,,19650.0
1234,2017-08-08,19650.0,,,19650.0
1235,2017-08-08,20150.0,,,19900.0
1236,2017-08-09,19700.0,,,19800.0
1237,2017-08-09,19800.0,,,19550.0
1238,2017-08-09,19500.0,,,19550.0
1239,2017-08-09,19500.0,,,19500.0
1240,2017-08-10,19500.0,,,19500.0
1241,2017-08-10,19350.0,,,19200.0
1242,2017-08-10,19200.0,,,19500.0
1243,2017-08-10,19500.0,,,19400.0
1244,2017-08-11,19100.0,,,19250.0
1245,2017-08-11,19250.0,,,19300.0
1246,2017-08-11,19300.0,,,19200.0
1247,2017-08-11,19250.0,,,19300.0
1248,2017-08-14,19550.0,,,19400.0
1249,2017-08-14,19350.0,,,19450.0
1250,2017-08-14,19450.0,,,19300.0
1251,2017-08-14,19300.0,,,19300.0
1252,2017-08-16,19550.0,,,19250.0
1253,2017-08-16,19250.0,,,19300.0
1254,2017-08-16,19300.0,,,19300.0
1255,2017-08-16,19300.0,,,19350.0
1256,2017-08-17,20300.0,,,20200.0
1257,2017-08-17,20300.0,,,20300.0
1258,2017-08-17,19350.0,,,20050.0
1259,2017-08-17,20000.0,,,20300.0
1260,2017-08-18,20000.0,,,20500.0
1261,2017-08-18,20500.0,,,20400.0
1262,2017-08-18,20400.0,,,20400.0
1263,2017-08-18,20400.0,,,20400.0
1264,2017-08-21,20500.0,,,20600.0
1265,2017-08-21,20550.0,,,20500.0
1266,2017-08-21,20500.0,,,20350.0
1267,2017-08-21,20300.0,,,20450.0
1268,2017-08-22,20500.0,,,20400.0
1269,2017-08-22,20450.0,,,20500.0
1270,2017-08-22,20550.0,,,20300.0
1271,2017-08-22,20250.0,,,20500.0
1272,2017-08-23,20700.0,,,21250.0
1273,2017-08-23,21250.0,,,21350.0
1274,2017-08-23,21350.0,,,21950.0
1275,2017-08-23,21950.0,,,22200.0
1276,2017-08-24,23450.0,,,23350.0
1277,2017-08-24,22500.0,,,23000.0
1278,2017-08-24,23000.0,,,23250.0
1279,2017-08-24,23250.0,,,23450.0
1280,2017-08-25,23700.0,,,23050.0
1281,2017-08-25,23050.0,,,23550.0
1282,2017-08-25,23550.0,,,23200.0
1283,2017-08-25,23200.0,,,23250.0
1284,2017-08-28,23600.0,,,23900.0
1285,2017-08-28,23900.0,,,23250.0
1286,2017-08-28,23250.0,,,23700.0
1287,2017-08-28,23700.0,,,23750.0
1288,2017-08-29,23750.0,,,23600.0
1289,2017-08-29,23600.0,,,24100.0
1290,2017-08-29,24100.0,,,24100.0
1291,2017-08-29,24100.0,,,24150.0
1292,2017-08-30,24050.0,,,23850.0
1293,2017-08-30,24300.0,,,24050.0
1294,2017-08-30,24150.0,,,24150.0
1295,2017-08-30,24150.0,,,24350.0
1296,2017-08-31,23900.0,,,24000.0
1297,2017-08-31,23700.0,,,23800.0
1298,2017-08-31,24100.0,,,23900.0
1299,2017-08-31,24000.0,,,23750.0
1300,2017-09-01,24150.0,,,24050.0
1301,2017-09-01,24100.0,,,24350.0
1302,2017-09-01,24350.0,,,24250.0
1303,2017-09-01,24150.0,,,24300.0
1304,2017-09-04,23600.0,,,24150.0
1305,2017-09-04,24150.0,,,24350.0
1306,2017-09-04,24350.0,,,24350.0
1307,2017-09-04,24300.0,,,23800.0
1308,2017-09-05,24350.0,,,23850.0
1309,2017-09-05,23900.0,,,23950.0
1310,2017-09-05,23900.0,,,23900.0
1311,2017-09-05,23900.0,,,23850.0
1312,2017-09-06,23950.0,,,23700.0
1313,2017-09-06,23700.0,,,23350.0
1314,2017-09-06,23800.0,,,23850.0
1315,2017-09-06,23950.0,,,23800.0
1316,2017-09-07,23500.0,,,23350.0
1317,2017-09-07,23350.0,,,23100.0
1318,2017-09-07,23050.0,,,23200.0
1319,2017-09-07,23250.0,,,23300.0
1320,2017-09-08,23450.0,,,23550.0
1321,2017-09-08,23600.0,,,23500.0
1322,2017-09-08,23500.0,,,23550.0
1323,2017-09-08,23550.0,,,23500.0
1324,2017-09-11,22500.0,,,22600.0
1325,2017-09-11,23450.0,,,22650.0
1326,2017-09-11,22650.0,,,22550.0
1327,2017-09-11,22550.0,,,22500.0
1328,2017-09-12,22600.0,,,23150.0
1329,2017-09-12,23150.0,,,23100.0
1330,2017-09-12,23050.0,,,23150.0
1331,2017-09-12,23150.0,,,23200.0
1332,2017-09-13,22900.0,,,22850.0
1333,2017-09-13,22850.0,,,22800.0
1334,2017-09-13,23300.0,,,22800.0
1335,2017-09-13,22800.0,,,22900.0
1336,2017-09-14,23150.0,,,23200.0
1337,2017-09-14,23250.0,,,23000.0
1338,2017-09-14,23000.0,,,23000.0
1339,2017-09-14,23050.0,,,23250.0
1340,2017-09-15,23000.0,,,22950.0
1341,2017-09-15,22900.0,,,23000.0
1342,2017-09-15,23000.0,,,22900.0
1343,2017-09-15,22850.0,,,23200.0
1344,2017-09-18,23700.0,,,23850.0
1345,2017-09-18,23450.0,,,23750.0
1346,2017-09-18,23750.0,,,23650.0
1347,2017-09-18,23650.0,,,23700.0
1348,2017-09-19,23850.0,,,23000.0
1349,2017-09-19,22950.0,,,22850.0
1350,2017-09-19,22800.0,,,22850.0
1351,2017-09-19,22850.0,,,22850.0
1352,2017-09-20,22150.0,,,22400.0
1353,2017-09-20,22800.0,,,22350.0
1354,2017-09-20,22350.0,,,22300.0
1355,2017-09-20,22300.0,,,22200.0
1356,2017-09-21,22250.0,,,22150.0
1357,2017-09-21,22100.0,,,22400.0
1358,2017-09-21,22300.0,,,22550.0
1359,2017-09-21,22500.0,,,22400.0
1360,2017-09-22,22150.0,,,22400.0
1361,2017-09-22,22400.0,,,22400.0
1362,2017-09-22,22350.0,,,22200.0
1363,2017-09-22,22300.0,,,22550.0
1364,2017-09-25,22750.0,,,21950.0
1365,2017-09-25,22000.0,,,21800.0
1366,2017-09-25,21800.0,,,21800.0
1367,2017-09-25,21750.0,,,22000.0
1368,2017-09-26,21950.0,,,21800.0
1369,2017-09-26,22050.0,,,21900.0
1370,2017-09-26,21600.0,,,22100.0
1371,2017-09-26,21900.0,,,21950.0
1372,2017-09-27,22200.0,,,22200.0
1373,2017-09-27,22250.0,,,22300.0
1374,2017-09-27,22600.0,,,22200.0
1375,2017-09-27,22200.0,,,22250.0
1376,2017-09-28,22350.0,,,22100.0
1377,2017-09-28,22100.0,,,22200.0
1378,2017-09-28,22200.0,,,22300.0
1379,2017-09-28,22300.0,,,22450.0
1380,2017-09-29,22800.0,,,22500.0
1381,2017-09-29,22500.0,,,22600.0
1382,2017-09-29,22600.0,,,22950.0
1383,2017-09-29,23000.0,,,23000.0
1384,2017-10-10,23000.0,,,23400.0
1385,2017-10-10,23400.0,,,23200.0
1386,2017-10-10,23200.0,,,23300.0
1387,2017-10-10,23300.0,,,23350.0
1388,2017-10-11,23300.0,,,22950.0
1389,2017-10-11,22900.0,,,23100.0
1390,2017-10-11,23550.0,,,23300.0
1391,2017-10-11,23300.0,,,23350.0
1392,2017-10-12,23350.0,,,23000.0
1393,2017-10-12,23000.0,,,23100.0
1394,2017-10-12,23050.0,,,23000.0
1395,2017-10-12,22950.0,,,22900.0
1396,2017-10-13,22700.0,,,22450.0
1397,2017-10-13,22450.0,,,22500.0
1398,2017-10-13,22500.0,,,22300.0
1399,2017-10-13,22300.0,,,22400.0
1400,2017-10-16,22050.0,,,22000.0
1401,2017-10-16,22300.0,,,21900.0
1402,2017-10-16,21950.0,,,22200.0
1403,2017-10-16,22150.0,,,22150.0
1404,2017-10-17,21950.0,,,22100.0
1405,2017-10-17,22150.0,,,22300.0
1406,2017-10-17,22250.0,,,22050.0
1407,2017-10-17,22050.0,,,22050.0
1408,2017-10-18,22100.0,,,22200.0
1409,2017-10-18,21750.0,,,22200.0
1410,2017-10-18,22000.0,,,21750.0
1411,2017-10-18,22250.0,,,22050.0
1412,2017-10-19,22200.0,,,22150.0
1413,2017-10-19,22200.0,,,21950.0
1414,2017-10-19,21900.0,,,21900.0
1415,2017-10-19,21900.0,,,22000.0
1416,2017-10-20,22050.0,,,22700.0
1417,2017-10-20,22700.0,,,22550.0
1418,2017-10-20,22550.0,,,23000.0
1419,2017-10-20,23000.0,,,23150.0
1420,2017-10-23,23050.0,,,23250.0
1421,2017-10-23,23250.0,,,23150.0
1422,2017-10-23,23150.0,,,23200.0
1423,2017-10-23,23200.0,,,23100.0
1424,2017-10-24,23250.0,,,23150.0
1425,2017-10-24,23150.0,,,23150.0
1426,2017-10-24,23200.0,,,23200.0
1427,2017-10-24,23200.0,,,23150.0
1428,2017-10-25,23000.0,,,23050.0
1429,2017-10-25,23000.0,,,23100.0
1430,2017-10-25,23100.0,,,23100.0
1431,2017-10-25,23100.0,,,23050.0
1432,2017-10-26,23000.0,,,23150.0
1433,2017-10-26,23100.0,,,23000.0
1434,2017-10-26,23050.0,,,22900.0
1435,2017-10-26,22900.0,,,22750.0
1436,2017-10-27,22850.0,,,23050.0
1437,2017-10-27,23050.0,,,23150.0
1438,2017-10-27,23100.0,,,23150.0
1439,2017-10-27,23150.0,,,23300.0
1440,2017-10-30,23400.0,,,24050.0
1441,2017-10-30,24000.0,,,24350.0
1442,2017-10-30,24400.0,,,24850.0
1443,2017-10-30,24850.0,,,25000.0
1444,2017-10-31,24200.0,,,24200.0
1445,2017-10-31,24700.0,,,24150.0
1446,2017-10-31,25000.0,,,24750.0
1447,2017-10-31,24750.0,,,24700.0
1448,2017-11-01,23850.0,,,24050.0
1449,2017-11-01,24000.0,,,24200.0
1450,2017-11-01,24150.0,,,24250.0
1451,2017-11-01,24000.0,,,23850.0
1452,2017-11-02,24400.0,,,23950.0
1453,2017-11-02,23950.0,,,23650.0
1454,2017-11-02,23650.0,,,23300.0
1455,2017-11-02,23400.0,,,23650.0
1456,2017-11-03,22850.0,,,22650.0
1457,2017-11-03,23000.0,,,22700.0
1458,2017-11-03,22700.0,,,22850.0
1459,2017-11-03,23550.0,,,23000.0
1460,2017-11-06,22500.0,,,22950.0
1461,2017-11-06,22950.0,,,22600.0
1462,2017-11-06,22600.0,,,22600.0
1463,2017-11-06,22600.0,,,22900.0
1464,2017-11-07,22850.0,,,22900.0
1465,2017-11-07,22950.0,,,22900.0
1466,2017-11-07,22750.0,,,22800.0
1467,2017-11-07,22800.0,,,23000.0
1468,2017-11-08,22950.0,,,23250.0
1469,2017-11-08,23250.0,,,23000.0
1470,2017-11-08,22900.0,,,23000.0
1471,2017-11-08,23000.0,,,23250.0
1472,2017-11-09,23350.0,,,23000.0
1473,2017-11-09,23050.0,,,22900.0
1474,2017-11-09,22800.0,,,22850.0
1475,2017-11-09,22850.0,,,22900.0
1476,2017-11-10,22950.0,,,22900.0
1477,2017-11-10,22850.0,,,22800.0
1478,2017-11-10,22750.0,,,22950.0
1479,2017-11-10,22950.0,,,22950.0
1480,2017-11-13,23050.0,,,23000.0
1481,2017-11-13,23000.0,,,23800.0
1482,2017-11-13,23850.0,,,24000.0
1483,2017-11-13,23950.0,,,24000.0
1484,2017-11-14,23950.0,,,23900.0
1485,2017-11-14,24200.0,,,23750.0
1486,2017-11-14,23700.0,,,23600.0
1487,2017-11-14,23600.0,,,23900.0
1488,2017-11-15,23950.0,,,23700.0
1489,2017-11-15,23800.0,,,24300.0
1490,2017-11-15,24350.0,,,24050.0
1491,2017-11-15,24050.0,,,22500.0
1492,2017-11-16,22550.0,,,22900.0
1493,2017-11-16,22850.0,,,23500.0
1494,2017-11-16,23450.0,,,24000.0
1495,2017-11-16,24000.0,,,23900.0
1496,2017-11-17,23150.0,,,23200.0
1497,2017-11-17,24450.0,,,23300.0
1498,2017-11-17,23300.0,,,23300.0
1499,2017-11-17,23300.0,,,23200.0
1500,2017-11-20,23050.0,,,22900.0
1501,2017-11-20,22900.0,,,23100.0
1502,2017-11-20,23100.0,,,23000.0
1503,2017-11-20,22950.0,,,23000.0
1504,2017-11-21,23900.0,,,23900.0
1505,2017-11-21,23100.0,,,23850.0
1506,2017-11-21,23850.0,,,23700.0
1507,2017-11-21,23700.0,,,23900.0
1508,2017-11-22,24350.0,,,24000.0
1509,2017-11-22,24000.0,,,24050.0
1510,2017-11-22,24050.0,,,24250.0
1511,2017-11-22,24250.0,,,24000.0
1512,2017-11-23,24200.0,,,24500.0
1513,2017-11-23,24500.0,,,24550.0
1514,2017-11-23,24500.0,,,24750.0
1515,2017-11-23,24800.0,,,24750.0
1516,2017-11-24,24850.0,,,25600.0
1517,2017-11-24,25600.0,,,25950.0
1518,2017-11-24,25900.0,,,25850.0
1519,2017-11-24,25800.0,,,25850.0
1520,2017-11-27,25150.0,,,25400.0
1521,2017-11-27,25400.0,,,25400.0
1522,2017-11-27,26150.0,,,25400.0
1523,2017-11-27,25400.0,,,25200.0
1524,2017-11-28,24700.0,,,24900.0
1525,2017-11-28,24900.0,,,25000.0
1526,2017-11-28,25000.0,,,24800.0
1527,2017-11-28,25400.0,,,24700.0
1528,2017-11-29,24900.0,,,24600.0
1529,2017-11-29,24550.0,,,25400.0
1530,2017-11-29,25400.0,,,25800.0
1531,2017-11-29,25800.0,,,25950.0
1532,2017-11-30,26650.0,,,26500.0
1533,2017-11-30,27200.0,,,26950.0
1534,2017-11-30,27000.0,,,26650.0
1535,2017-11-30,26350.0,,,27200.0
1536,2017-12-01,26600.0,,,26700.0
1537,2017-12-01,26700.0,,,27000.0
1538,2017-12-01,26950.0,,,27300.0
1539,2017-12-01,27300.0,,,27500.0
1540,2017-12-04,27450.0,,,27450.0
1541,2017-12-04,27250.0,,,27450.0
1542,2017-12-04,27400.0,,,27100.0
1543,2017-12-04,27000.0,,,27300.0
1544,2017-12-05,27400.0,,,27150.0
1545,2017-12-05,27100.0,,,27150.0
1546,2017-12-05,27100.0,,,26450.0
1547,2017-12-05,26350.0,,,26450.0
1548,2017-12-06,26900.0,,,29000.0
1549,2017-12-06,29000.0,,,28250.0
1550,2017-12-06,28250.0,,,27900.0
1551,2017-12-06,27900.0,,,27900.0
1552,2017-12-07,27600.0,,,27900.0
1553,2017-12-07,28100.0,,,28050.0
1554,2017-12-07,28100.0,,,27850.0
1555,2017-12-07,27850.0,,,27650.0
1556,2017-12-08,28050.0,,,27850.0
1557,2017-12-08,27800.0,,,27800.0
1558,2017-12-08,27850.0,,,26900.0
1559,2017-12-08,26900.0,,,27350.0
1560,2017-12-11,26400.0,,,26550.0
1561,2017-12-11,26750.0,,,26300.0
1562,2017-12-11,26300.0,,,26050.0
1563,2017-12-11,26050.0,,,26400.0
1564,2017-12-12,26400.0,,,26350.0
1565,2017-12-12,26350.0,,,26300.0
1566,2017-12-12,26200.0,,,26200.0
1567,2017-12-12,26250.0,,,26500.0
1568,2017-12-13,26400.0,,,26100.0
1569,2017-12-13,26100.0,,,26100.0
1570,2017-12-13,26100.0,,,26350.0
1571,2017-12-13,26300.0,,,26400.0
1572,2017-12-14,26200.0,,,26000.0
1573,2017-12-14,26200.0,,,26500.0
1574,2017-12-14,26500.0,,,26050.0
1575,2017-12-14,26150.0,,,26200.0
1576,2017-12-15,26400.0,,,26200.0
1577,2017-12-15,26150.0,,,26400.0
1578,2017-12-15,26400.0,,,25650.0
1579,2017-12-15,25700.0,,,25200.0
1580,2017-12-18,27600.0,,,27100.0
1581,2017-12-18,25700.0,,,26650.0
1582,2017-12-18,26650.0,,,26900.0
1583,2017-12-18,26850.0,,,27650.0
1584,2017-12-19,29700.0,,,28300.0
1585,2017-12-19,28250.0,,,27150.0
1586,2017-12-19,27150.0,,,26800.0
1587,2017-12-19,26750.0,,,25750.0
1588,2017-12-20,25900.0,,,25550.0
1589,2017-12-20,25550.0,,,25000.0
1590,2017-12-20,25000.0,,,25100.0
1591,2017-12-20,25150.0,,,25000.0
1592,2017-12-21,25000.0,,,25300.0
1593,2017-12-21,25300.0,,,24750.0
1594,2017-12-21,24750.0,,,24950.0
1595,2017-12-21,24900.0,,,24700.0
1596,2017-12-22,24750.0,,,24900.0
1597,2017-12-22,24900.0,,,24950.0
1598,2017-12-22,24400.0,,,24900.0
1599,2017-12-22,24900.0,,,24750.0
1600,2017-12-26,24650.0,,,25000.0
1601,2017-12-26,24950.0,,,24700.0
1602,2017-12-26,24750.0,,,24550.0
1603,2017-12-26,25150.0,,,24650.0
1604,2017-12-27,24850.0,,,25650.0
1605,2017-12-27,25650.0,,,25450.0
1606,2017-12-27,25500.0,,,25550.0
1607,2017-12-27,25550.0,,,25650.0
1608,2017-12-28,25900.0,,,25700.0
1609,2017-12-28,25700.0,,,25250.0
1610,2017-12-28,25300.0,,,25150.0
1611,2017-12-28,25200.0,,,25100.0
1612,2018-01-02,25200.0,,,25300.0
1613,2018-01-02,25250.0,,,25150.0
1614,2018-01-02,25200.0,,,25900.0
1615,2018-01-03,25000.0,,,25200.0
1616,2018-01-03,25400.0,,,25000.0
1617,2018-01-03,25850.0,,,25550.0
1618,2018-01-03,25550.0,,,25400.0
1619,2018-01-04,25350.0,,,24950.0
1620,2018-01-04,24900.0,,,24800.0
1621,2018-01-04,24850.0,,,25050.0
1622,2018-01-04,25050.0,,,25000.0
1623,2018-01-05,25600.0,,,25450.0
1624,2018-01-05,25400.0,,,25550.0
1625,2018-01-05,25250.0,,,25400.0
1626,2018-01-05,25400.0,,,25550.0
1627,2018-01-08,26050.0,,,25700.0
1628,2018-01-08,25700.0,,,26300.0
1629,2018-01-08,26300.0,,,26350.0
1630,2018-01-08,26300.0,,,26700.0
1631,2018-01-09,27100.0,,,27300.0
1632,2018-01-09,27300.0,,,27150.0
1633,2018-01-09,27150.0,,,26800.0
1634,2018-01-09,26800.0,,,27000.0
1635,2018-01-10,28300.0,,,28800.0
1636,2018-01-10,27550.0,,,28350.0
1637,2018-01-10,27150.0,,,27300.0
1638,2018-01-10,27250.0,,,27550.0
1639,2018-01-11,26550.0,,,25950.0
1640,2018-01-11,25950.0,,,25750.0
1641,2018-01-11,25750.0,,,26000.0
1642,2018-01-11,27450.0,,,26650.0
1643,2018-01-12,26400.0,,,25550.0
1644,2018-01-12,25600.0,,,25600.0
1645,2018-01-12,25600.0,,,25050.0
1646,2018-01-12,25050.0,,,25250.0
1647,2018-01-15,25700.0,,,25400.0
1648,2018-01-15,25850.0,,,25750.0
1649,2018-01-15,25800.0,,,25700.0
1650,2018-01-15,25550.0,,,25850.0
1651,2018-01-16,25750.0,,,25300.0
1652,2018-01-16,25300.0,,,25400.0
1653,2018-01-16,25400.0,,,25500.0
1654,2018-01-16,25550.0,,,25800.0
1655,2018-01-17,25900.0,,,25750.0
1656,2018-01-17,26300.0,,,25800.0
1657,2018-01-17,25900.0,,,25950.0
1658,2018-01-17,25950.0,,,26300.0
1659,2018-01-18,25900.0,,,25500.0
1660,2018-01-18,25500.0,,,25700.0
1661,2018-01-18,25700.0,,,25250.0
1662,2018-01-18,25250.0,,,24950.0
1663,2018-01-19,25050.0,,,25550.0
1664,2018-01-19,25550.0,,,25650.0
1665,2018-01-19,25650.0,,,25500.0
1666,2018-01-19,25500.0,,,25550.0
1667,2018-01-22,25450.0,,,25200.0
1668,2018-01-22,25800.0,,,25250.0
1669,2018-01-22,25250.0,,,25100.0
1670,2018-01-22,25100.0,,,25450.0
1671,2018-01-23,25600.0,,,25750.0
1672,2018-01-23,25700.0,,,25600.0
1673,2018-01-23,25600.0,,,26000.0
1674,2018-01-23,26000.0,,,26200.0
1675,2018-01-24,25800.0,,,25750.0
1676,2018-01-24,26250.0,,,25900.0
1677,2018-01-24,25900.0,,,25950.0
1678,2018-01-24,25950.0,,,25800.0
1679,2018-01-25,25400.0,,,25550.0
1680,2018-01-25,25600.0,,,25650.0
1681,2018-01-25,25750.0,,,25400.0
1682,2018-01-25,25500.0,,,25600.0
1683,2018-01-26,25850.0,,,26550.0
1684,2018-01-26,26550.0,,,26550.0
1685,2018-01-26,26550.0,,,26550.0
1686,2018-01-26,26600.0,,,26500.0
1687,2018-01-29,26950.0,,,26900.0
1688,2018-01-29,26900.0,,,26700.0
1689,2018-01-29,26700.0,,,26500.0
1690,2018-01-29,26550.0,,,26450.0
1691,2018-01-30,26500.0,,,26250.0
1692,2018-01-30,26200.0,,,26450.0
1693,2018-01-30,26500.0,,,26450.0
1694,2018-01-30,26450.0,,,26550.0
1695,2018-01-31,26500.0,,,26650.0
1696,2018-01-31,26650.0,,,26400.0
1697,2018-01-31,26200.0,,,26450.0
1698,2018-01-31,26450.0,,,26500.0
1699,2018-02-01,26400.0,,,26250.0
1700,2018-02-01,26200.0,,,26150.0
1701,2018-02-01,26200.0,,,26200.0
1702,2018-02-01,26200.0,,,26000.0
1703,2018-02-02,25950.0,,,25500.0
1704,2018-02-02,25450.0,,,25400.0
1705,2018-02-02,25450.0,,,25050.0
1706,2018-02-02,25000.0,,,25000.0
1707,2018-02-05,24250.0,,,24000.0
1708,2018-02-05,24400.0,,,24400.0
1709,2018-02-05,24400.0,,,24650.0
1710,2018-02-05,24650.0,,,24250.0
1711,2018-02-06,23000.0,,,22800.0
1712,2018-02-06,22800.0,,,23200.0
1713,2018-02-06,23150.0,,,23750.0
1714,2018-02-06,23800.0,,,23350.0
1715,2018-02-07,23300.0,,,22600.0
1716,2018-02-07,23800.0,,,23650.0
1717,2018-02-07,24000.0,,,23800.0
1718,2018-02-07,23700.0,,,23350.0
1719,2018-02-08,22700.0,,,22950.0
1720,2018-02-08,22950.0,,,22800.0
1721,2018-02-08,22750.0,,,22750.0
1722,2018-02-08,22750.0,,,22700.0
1723,2018-02-09,21750.0,,,22200.0
1724,2018-02-09,22200.0,,,22400.0
1725,2018-02-09,22300.0,,,22300.0
1726,2018-02-09,22300.0,,,22300.0
1727,2018-02-12,22400.0,,,22350.0
1728,2018-02-12,22500.0,,,22350.0
1729,2018-02-12,22350.0,,,22600.0
1730,2018-02-12,22600.0,,,22450.0
1731,2018-02-13,22500.0,,,22600.0
1732,2018-02-13,22600.0,,,22600.0
1733,2018-02-13,22550.0,,,22300.0
1734,2018-02-13,22350.0,,,22200.0
1735,2018-02-14,22450.0,,,22600.0
1736,2018-02-14,22350.0,,,22300.0
1737,2018-02-14,22300.0,,,22400.0
1738,2018-02-14,22350.0,,,22400.0
1739,2018-02-19,22900.0,,,22900.0
1740,2018-02-19,22900.0,,,23050.0
1741,2018-02-19,23050.0,,,22950.0
1742,2018-02-19,22950.0,,,23000.0
1743,2018-02-20,22950.0,,,23500.0
1744,2018-02-20,23500.0,,,23400.0
1745,2018-02-20,23350.0,,,23150.0
1746,2018-02-20,23150.0,,,23100.0
1747,2018-02-21,23100.0,,,23300.0
1748,2018-02-21,23300.0,,,23250.0
1749,2018-02-21,23300.0,,,23450.0
1750,2018-02-21,23450.0,,,23250.0
1751,2018-02-22,23050.0,,,22900.0
1752,2018-02-22,23100.0,,,23050.0
1753,2018-02-22,23100.0,,,23100.0
1754,2018-02-22,23100.0,,,23100.0
1755,2018-02-23,23150.0,,,23050.0
1756,2018-02-23,23000.0,,,23100.0
1757,2018-02-23,23100.0,,,22900.0
1758,2018-02-23,22900.0,,,23150.0
1759,2018-02-26,23050.0,,,23200.0
1760,2018-02-26,23200.0,,,23100.0
1761,2018-02-26,23100.0,,,22850.0
1762,2018-02-26,22850.0,,,23250.0
1763,2018-02-27,22950.0,,,22850.0
1764,2018-02-27,22950.0,,,23050.0
1765,2018-02-27,23000.0,,,22900.0
1766,2018-02-27,23400.0,,,22950.0
1767,2018-02-28,22700.0,,,22850.0
1768,2018-02-28,22850.0,,,22600.0
1769,2018-02-28,22600.0,,,22600.0
1770,2018-02-28,22550.0,,,22500.0
1771,2018-03-02,22600.0,,,22500.0
1772,2018-03-02,22650.0,,,22650.0
1773,2018-03-02,22100.0,,,22800.0
1774,2018-03-02,22800.0,,,22600.0
1775,2018-03-05,22550.0,,,23350.0
1776,2018-03-05,23350.0,,,23300.0
1777,2018-03-05,23300.0,,,23200.0
1778,2018-03-05,23200.0,,,23100.0
1779,2018-03-06,23500.0,,,23700.0
1780,2018-03-06,23700.0,,,24000.0
1781,2018-03-06,24000.0,,,24250.0
1782,2018-03-06,24250.0,,,24300.0
1783,2018-03-07,23950.0,,,23750.0
1784,2018-03-07,24350.0,,,24200.0
1785,2018-03-07,24200.0,,,24050.0
1786,2018-03-07,24050.0,,,23900.0
1787,2018-03-08,23650.0,,,24000.0
1788,2018-03-08,24000.0,,,24050.0
1789,2018-03-08,24050.0,,,23950.0
1790,2018-03-08,23950.0,,,23950.0
1791,2018-03-09,23900.0,,,23800.0
1792,2018-03-09,24050.0,,,24100.0
1793,2018-03-09,24100.0,,,24000.0
1794,2018-03-09,24050.0,,,23900.0
1795,2018-03-12,23900.0,,,23900.0
1796,2018-03-12,23900.0,,,23900.0
1797,2018-03-12,23950.0,,,23800.0
1798,2018-03-12,23800.0,,,23800.0
1799,2018-03-13,23800.0,,,23250.0
1800,2018-03-13,23250.0,,,23150.0
1801,2018-03-13,23150.0,,,23250.0
1802,2018-03-13,23250.0,,,23200.0
1803,2018-03-14,23500.0,,,23550.0
1804,2018-03-14,23100.0,,,23650.0
1805,2018-03-14,23650.0,,,23450.0
1806,2018-03-14,23450.0,,,23500.0
1807,2018-03-15,23550.0,,,23450.0
1808,2018-03-15,23400.0,,,23450.0
1809,2018-03-15,23450.0,,,23450.0
1810,2018-03-15,23500.0,,,23600.0
1811,2018-03-16,24200.0,,,24150.0
1812,2018-03-16,23700.0,,,23700.0
1813,2018-03-16,23600.0,,,23900.0
1814,2018-03-16,23900.0,,,24200.0
1815,2018-03-19,24150.0,,,24000.0
1816,2018-03-19,24000.0,,,24000.0
1817,2018-03-19,24050.0,,,24200.0
1818,2018-03-19,24150.0,,,24100.0
1819,2018-03-20,24050.0,,,24150.0
1820,2018-03-20,24200.0,,,24100.0
1821,2018-03-20,24050.0,,,24500.0
1822,2018-03-20,24500.0,,,24500.0
1823,2018-03-21,24550.0,,,24700.0
1824,2018-03-21,24750.0,,,24450.0
1825,2018-03-21,24400.0,,,24550.0
1826,2018-03-21,24600.0,,,24450.0
1827,2018-03-22,23850.0,,,23850.0
1828,2018-03-22,24500.0,,,24150.0
1829,2018-03-22,24150.0,,,24100.0
1830,2018-03-22,24050.0,,,23850.0
1831,2018-03-23,23350.0,,,23700.0
1832,2018-03-23,23300.0,,,23050.0
1833,2018-03-23,23050.0,,,23350.0
1834,2018-03-23,23700.0,,,23300.0
1835,2018-03-26,24050.0,,,23900.0
1836,2018-03-26,23400.0,,,23600.0
1837,2018-03-26,23650.0,,,24050.0
1838,2018-03-26,24050.0,,,24050.0
1839,2018-03-27,24400.0,,,24600.0
1840,2018-03-27,24600.0,,,24650.0
1841,2018-03-27,24600.0,,,24800.0
1842,2018-03-27,24800.0,,,24700.0
1843,2018-03-28,24700.0,,,24150.0
1844,2018-03-28,24100.0,,,24400.0
1845,2018-03-28,24400.0,,,24550.0
1846,2018-03-28,24600.0,,,24600.0
1847,2018-03-29,24450.0,,,24350.0
1848,2018-03-29,24350.0,,,24600.0
1849,2018-03-29,24600.0,,,24250.0
1850,2018-03-29,24250.0,,,24450.0
1851,2018-03-30,23900.0,,,23800.0
1852,2018-03-30,23950.0,,,23850.0
1853,2018-03-30,24050.0,,,23950.0
1854,2018-03-30,24450.0,,,24050.0
1855,2018-04-02,24000.0,,,23850.0
1856,2018-04-02,23850.0,,,23800.0
1857,2018-04-02,23800.0,,,23600.0
1858,2018-04-02,23550.0,,,23600.0
1859,2018-04-03,23500.0,,,23400.0
1860,2018-04-03,23400.0,,,23350.0
1861,2018-04-03,23350.0,,,23500.0
1862,2018-04-03,23450.0,,,23700.0
1863,2018-04-04,23600.0,,,23150.0
1864,2018-04-04,23150.0,,,23200.0
1865,2018-04-04,23250.0,,,23200.0
1866,2018-04-04,23150.0,,,22950.0
1867,2018-04-05,23450.0,,,23250.0
1868,2018-04-05,23550.0,,,23500.0
1869,2018-04-05,23150.0,,,23350.0
1870,2018-04-05,23400.0,,,23550.0
1871,2018-04-06,23800.0,,,23850.0
1872,2018-04-06,23800.0,,,23900.0
1873,2018-04-06,23850.0,,,23900.0
1874,2018-04-06,23850.0,,,23750.0
1875,2018-04-09,23750.0,,,23750.0
1876,2018-04-09,23750.0,,,24050.0
1877,2018-04-09,24000.0,,,23800.0
1878,2018-04-09,23800.0,,,23750.0
1879,2018-04-10,23600.0,,,23600.0
1880,2018-04-10,23850.0,,,23650.0
1881,2018-04-10,23600.0,,,23650.0
1882,2018-04-10,23650.0,,,23600.0
1883,2018-04-11,23800.0,,,23700.0
1884,2018-04-11,23750.0,,,24000.0
1885,2018-04-11,24000.0,,,24150.0
1886,2018-04-11,24150.0,,,24150.0
1887,2018-04-30,24450.0,,,24250.0
1888,2018-04-30,24600.0,,,23450.0
1889,2018-04-30,23450.0,,,24000.0
1890,2018-04-30,23950.0,,,24450.0
1891,2018-05-02,24350.0,,,24000.0
1892,2018-05-02,24000.0,,,24100.0
1893,2018-05-02,24100.0,,,23750.0
1894,2018-05-02,23750.0,,,23700.0
1895,2018-05-03,23700.0,,,23800.0
1896,2018-05-03,23800.0,,,23700.0
1897,2018-05-03,23700.0,,,23500.0
1898,2018-05-03,23450.0,,,23400.0
1899,2018-05-04,23400.0,,,23000.0
1900,2018-05-04,23000.0,,,22800.0
1901,2018-05-04,22750.0,,,23000.0
1902,2018-05-04,23000.0,,,22800.0
1903,2018-05-08,23800.0,,,23750.0
1904,2018-05-08,23900.0,,,23800.0
1905,2018-05-08,23800.0,,,23950.0
1906,2018-05-08,23400.0,,,23800.0
1907,2018-05-09,24850.0,,,25000.0
1908,2018-05-09,24050.0,,,24450.0
1909,2018-05-09,24450.0,,,25050.0
1910,2018-05-09,25050.0,,,24850.0
1911,2018-05-10,25000.0,,,24900.0
1912,2018-05-10,24850.0,,,24950.0
1913,2018-05-10,25000.0,,,25050.0
1914,2018-05-10,25050.0,,,24900.0
1915,2018-05-11,24900.0,,,24900.0
1916,2018-05-11,24950.0,,,24750.0
1917,2018-05-11,24800.0,,,24900.0
1918,2018-05-11,24850.0,,,25000.0
1919,2018-05-14,24800.0,,,24200.0
1920,2018-05-14,24250.0,,,24000.0
1921,2018-05-14,24000.0,,,24100.0
1922,2018-05-14,24150.0,,,24000.0
1923,2018-05-15,23250.0,,,23150.0
1924,2018-05-15,23550.0,,,23300.0
1925,2018-05-15,23900.0,,,23500.0
1926,2018-05-15,23500.0,,,23550.0
1927,2018-05-16,23100.0,,,22950.0
1928,2018-05-16,22950.0,,,23000.0
1929,2018-05-16,23000.0,,,23350.0
1930,2018-05-16,23400.0,,,23100.0
1931,2018-05-17,23100.0,,,23050.0
1932,2018-05-17,23000.0,,,22850.0
1933,2018-05-17,22850.0,,,22750.0
1934,2018-05-17,22800.0,,,22750.0
1935,2018-05-18,22650.0,,,22800.0
1936,2018-05-18,22750.0,,,22850.0
1937,2018-05-18,22900.0,,,22800.0
1938,2018-05-18,22750.0,,,22850.0
1939,2018-05-21,23400.0,,,23450.0
1940,2018-05-21,23400.0,,,23300.0
1941,2018-05-21,23250.0,,,23400.0
1942,2018-05-21,23750.0,,,23200.0
1943,2018-05-23,22950.0,,,22900.0
1944,2018-05-23,23000.0,,,23150.0
1945,2018-05-23,23450.0,,,23100.0
1946,2018-05-23,23150.0,,,22950.0
1947,2018-05-24,22900.0,,,22900.0
1948,2018-05-24,22950.0,,,22900.0
1949,2018-05-24,22900.0,,,23150.0
1950,2018-05-24,23150.0,,,23450.0
1951,2018-05-25,23050.0,,,23250.0
1952,2018-05-25,23250.0,,,23050.0
1953,2018-05-25,23050.0,,,23300.0
1954,2018-05-25,22950.0,,,23050.0
1955,2018-05-28,23400.0,,,22900.0
1956,2018-05-28,22850.0,,,22850.0
1957,2018-05-28,22900.0,,,22950.0
1958,2018-05-28,22950.0,,,22800.0
1959,2018-05-29,23250.0,,,23300.0
1960,2018-05-29,23150.0,,,23150.0
1961,2018-05-29,22800.0,,,23150.0
1962,2018-05-29,23150.0,,,23250.0
1963,2018-05-30,23200.0,,,22800.0
1964,2018-05-30,22800.0,,,22700.0
1965,2018-05-30,22700.0,,,22750.0
1966,2018-05-30,22750.0,,,22650.0
1967,2018-05-31,22550.0,,,22650.0
1968,2018-05-31,22600.0,,,22500.0
1969,2018-05-31,23000.0,,,22700.0
1970,2018-05-31,22750.0,,,22550.0
1971,2018-06-01,22550.0,,,22300.0
1972,2018-06-01,22300.0,,,22250.0
1973,2018-06-01,22250.0,,,22100.0
1974,2018-06-01,22050.0,,,22000.0
1975,2018-06-04,22000.0,,,21550.0
1976,2018-06-04,21600.0,,,21450.0
1977,2018-06-04,21450.0,,,21500.0
1978,2018-06-04,21550.0,,,21450.0
1979,2018-06-05,21250.0,,,21250.0
1980,2018-06-05,21150.0,,,21250.0
1981,2018-06-05,21100.0,,,21150.0
1982,2018-06-05,21500.0,,,21100.0
1983,2018-06-07,20950.0,,,20700.0
1984,2018-06-07,20750.0,,,20800.0
1985,2018-06-07,20850.0,,,20650.0
1986,2018-06-07,20700.0,,,20650.0
1987,2018-06-08,20550.0,,,21350.0
1988,2018-06-08,21350.0,,,21050.0
1989,2018-06-08,21050.0,,,21100.0
1990,2018-06-08,21050.0,,,21100.0
1991,2018-06-11,21100.0,,,21150.0
1992,2018-06-11,21050.0,,,21250.0
1993,2018-06-11,21250.0,,,21350.0
1994,2018-06-11,21400.0,,,21100.0
1995,2018-06-12,21050.0,,,21550.0
1996,2018-06-12,21550.0,,,21700.0
1997,2018-06-12,21700.0,,,21950.0
1998,2018-06-12,21950.0,,,22100.0
1999,2018-06-14,22100.0,,,21900.0
2000,2018-06-14,22000.0,,,22000.0
2001,2018-06-14,22050.0,,,22050.0
2002,2018-06-14,22050.0,,,22050.0
2003,2018-06-15,22000.0,,,21650.0
2004,2018-06-15,21650.0,,,21800.0
2005,2018-06-15,21800.0,,,21850.0
2006,2018-06-15,21850.0,,,21950.0
2007,2018-06-18,21950.0,,,21200.0
2008,2018-06-18,21150.0,,,21100.0
2009,2018-06-18,21100.0,,,21350.0
2010,2018-06-18,21350.0,,,21050.0
2011,2018-06-19,21050.0,,,20650.0
2012,2018-06-19,20650.0,,,20350.0
2013,2018-06-19,20600.0,,,20600.0
2014,2018-06-19,20600.0,,,20800.0
2015,2018-06-20,21050.0,,,20950.0
2016,2018-06-20,21000.0,,,20950.0
2017,2018-06-20,20650.0,,,21050.0
2018,2018-06-20,20750.0,,,20650.0
2019,2018-06-21,20800.0,,,20700.0
2020,2018-06-21,20750.0,,,20800.0
2021,2018-06-21,20800.0,,,20900.0
2022,2018-06-21,20850.0,,,20800.0
2023,2018-06-22,20550.0,,,20750.0
2024,2018-06-22,20750.0,,,21000.0
2025,2018-06-22,21000.0,,,21050.0
2026,2018-06-22,21050.0,,,20850.0
2027,2018-06-25,21250.0,,,21150.0
2028,2018-06-25,21150.0,,,21250.0
2029,2018-06-25,21250.0,,,21200.0
2030,2018-06-25,20900.0,,,21250.0
2031,2018-06-26,21000.0,,,21600.0
2032,2018-06-26,21600.0,,,21600.0
2033,2018-06-26,21600.0,,,21850.0
2034,2018-06-26,21800.0,,,21900.0
2035,2018-06-27,23550.0,,,23600.0
2036,2018-06-27,23800.0,,,23550.0
2037,2018-06-27,21950.0,,,23000.0
2038,2018-06-27,23000.0,,,23800.0
2039,2018-06-28,23650.0,,,23600.0
2040,2018-06-28,23600.0,,,23650.0
2041,2018-06-28,23600.0,,,23450.0
2042,2018-06-28,23450.0,,,23350.0
2043,2018-06-29,23200.0,,,23200.0
2044,2018-06-29,23150.0,,,23350.0
2045,2018-06-29,23350.0,,,23050.0
2046,2018-06-29,23000.0,,,22950.0
2047,2018-07-02,23800.0,,,24000.0
2048,2018-07-02,23250.0,,,24150.0
2049,2018-07-02,24150.0,,,24050.0
2050,2018-07-02,24000.0,,,23800.0
2051,2018-07-03,24500.0,,,23800.0
2052,2018-07-03,23750.0,,,24100.0
2053,2018-07-03,24100.0,,,24050.0
2054,2018-07-03,24050.0,,,24450.0
2055,2018-07-04,23550.0,,,23500.0
2056,2018-07-04,23700.0,,,23900.0
2057,2018-07-04,24450.0,,,23750.0
2058,2018-07-04,23900.0,,,23600.0
2059,2018-07-05,23450.0,,,23250.0
2060,2018-07-05,23250.0,,,23300.0
2061,2018-07-05,23300.0,,,23450.0
2062,2018-07-05,23500.0,,,23400.0
2063,2018-07-06,23450.0,,,22550.0
2064,2018-07-06,22550.0,,,22550.0
2065,2018-07-06,22550.0,,,23050.0
2066,2018-07-06,23100.0,,,23000.0
2067,2018-07-09,21500.0,,,21500.0
2068,2018-07-09,22400.0,,,21900.0
2069,2018-07-09,21950.0,,,21500.0
2070,2018-07-09,22950.0,,,22350.0
2071,2018-07-10,21550.0,,,21700.0
2072,2018-07-10,21700.0,,,21650.0
2073,2018-07-10,21700.0,,,21950.0
2074,2018-07-10,21950.0,,,21750.0
2075,2018-07-11,21700.0,,,21400.0
2076,2018-07-11,21750.0,,,21700.0
2077,2018-07-11,21750.0,,,21550.0
2078,2018-07-11,21550.0,,,21800.0
2079,2018-07-12,21600.0,,,21650.0
2080,2018-07-12,21600.0,,,22200.0
2081,2018-07-12,22150.0,,,22250.0
2082,2018-07-12,22300.0,,,22300.0
2083,2018-07-13,22300.0,,,22100.0
2084,2018-07-13,22150.0,,,22000.0
2085,2018-07-13,22050.0,,,22150.0
2086,2018-07-13,22150.0,,,22300.0
2087,2018-07-16,21950.0,,,21950.0
2088,2018-07-16,22400.0,,,22050.0
2089,2018-07-16,22050.0,,,22050.0
2090,2018-07-16,22050.0,,,21950.0
2091,2018-07-17,21950.0,,,21750.0
2092,2018-07-17,21750.0,,,21800.0
2093,2018-07-17,21800.0,,,22000.0
2094,2018-07-17,22000.0,,,21950.0
2095,2018-07-18,21500.0,,,21400.0
2096,2018-07-18,22100.0,,,21550.0
2097,2018-07-18,21600.0,,,21600.0
2098,2018-07-18,21600.0,,,21500.0
2099,2018-07-19,21500.0,,,21400.0
2100,2018-07-19,21400.0,,,21150.0
2101,2018-07-19,21150.0,,,21100.0
2102,2018-07-19,21100.0,,,21150.0
2103,2018-07-20,20800.0,,,21150.0
2104,2018-07-20,21150.0,,,20900.0
2105,2018-07-20,20900.0,,,20950.0
2106,2018-07-20,20950.0,,,21200.0
2107,2018-07-23,20650.0,,,20550.0
2108,2018-07-23,21200.0,,,20650.0
2109,2018-07-23,20600.0,,,20650.0
2110,2018-07-23,20650.0,,,20700.0
2111,2018-07-24,20350.0,,,21000.0
2112,2018-07-24,21000.0,,,20800.0
2113,2018-07-24,20850.0,,,21000.0
2114,2018-07-24,20950.0,,,21000.0
2115,2018-07-25,20800.0,,,20900.0
2116,2018-07-25,20900.0,,,21100.0
2117,2018-07-25,21100.0,,,20950.0
2118,2018-07-25,20950.0,,,20750.0
2119,2018-07-26,20950.0,,,21050.0
2120,2018-07-26,21050.0,,,21050.0
2121,2018-07-26,21050.0,,,21000.0
2122,2018-07-26,20950.0,,,21050.0
2123,2018-07-27,21050.0,,,21200.0
2124,2018-07-27,21200.0,,,21100.0
2125,2018-07-27,21050.0,,,21800.0
2126,2018-07-27,21800.0,,,21600.0
2127,2018-07-30,21500.0,,,21100.0
2128,2018-07-30,21100.0,,,21150.0
2129,2018-07-30,21150.0,,,21000.0
2130,2018-07-30,21050.0,,,20900.0
2131,2018-07-31,21000.0,,,20900.0
2132,2018-07-31,20850.0,,,21000.0
2133,2018-07-31,20950.0,,,21100.0
2134,2018-07-31,21050.0,,,20900.0
2135,2018-08-01,21100.0,,,20900.0
2136,2018-08-01,21050.0,,,21050.0
2137,2018-08-01,21000.0,,,21150.0
2138,2018-08-01,20950.0,,,21050.0
2139,2018-08-02,20900.0,,,21100.0
2140,2018-08-02,21200.0,,,20950.0
2141,2018-08-02,20950.0,,,21000.0
2142,2018-08-02,21000.0,,,20900.0
2143,2018-08-03,21200.0,,,20900.0
2144,2018-08-03,20900.0,,,21100.0
2145,2018-08-03,21150.0,,,21200.0
2146,2018-08-03,21200.0,,,21050.0
2147,2018-08-06,21050.0,,,21400.0
2148,2018-08-06,21400.0,,,21200.0
2149,2018-08-06,21250.0,,,21300.0
2150,2018-08-06,21350.0,,,21300.0
2151,2018-08-07,21400.0,,,21000.0
2152,2018-08-07,21000.0,,,20650.0
2153,2018-08-07,20650.0,,,20900.0
2154,2018-08-07,20950.0,,,21400.0
2155,2018-08-08,21350.0,,,21200.0
2156,2018-08-08,21250.0,,,21300.0
2157,2018-08-08,21350.0,,,21250.0
2158,2018-08-08,21550.0,,,21350.0
2159,2018-08-09,21200.0,,,21250.0
2160,2018-08-09,21250.0,,,21250.0
2161,2018-08-09,21250.0,,,21200.0
2162,2018-08-09,21200.0,,,21100.0
2163,2018-08-10,21150.0,,,21250.0
2164,2018-08-10,21200.0,,,21350.0
2165,2018-08-10,21350.0,,,21150.0
2166,2018-08-10,21150.0,,,21300.0
2167,2018-08-13,21300.0,,,20550.0
2168,2018-08-13,20550.0,,,20650.0
2169,2018-08-13,20650.0,,,20050.0
2170,2018-08-13,20100.0,,,20000.0
2171,2018-08-14,19750.0,,,19700.0
2172,2018-08-14,19900.0,,,19750.0
2173,2018-08-14,20150.0,,,20050.0
2174,2018-08-14,20050.0,,,19900.0
2175,2018-08-16,19800.0,,,19600.0
2176,2018-08-16,19550.0,,,19900.0
2177,2018-08-16,19900.0,,,20250.0
2178,2018-08-16,20250.0,,,20300.0
2179,2018-08-17,20300.0,,,20350.0
2180,2018-08-17,20350.0,,,19950.0
2181,2018-08-17,19900.0,,,19950.0
2182,2018-08-17,20000.0,,,20150.0
2183,2018-08-20,20250.0,,,20000.0
2184,2018-08-20,20000.0,,,20200.0
2185,2018-08-20,20250.0,,,20200.0
2186,2018-08-20,20200.0,,,20150.0
2187,2018-08-21,20350.0,,,20300.0
2188,2018-08-21,20250.0,,,20300.0
2189,2018-08-21,20200.0,,,20250.0
2190,2018-08-21,20150.0,,,20300.0
2191,2018-08-22,20250.0,,,20650.0
2192,2018-08-22,20650.0,,,20800.0
2193,2018-08-22,20800.0,,,20950.0
2194,2018-08-22,20950.0,,,20900.0
2195,2018-08-23,20900.0,,,20900.0
2196,2018-08-23,20900.0,,,20850.0
2197,2018-08-23,21050.0,,,20850.0
2198,2018-08-23,20850.0,,,20850.0
2199,2018-08-24,20850.0,,,20800.0
2200,2018-08-24,20850.0,,,20850.0
2201,2018-08-24,20850.0,,,20850.0
2202,2018-08-24,20900.0,,,20750.0
2203,2018-08-27,20900.0,,,20600.0
2204,2018-08-27,20600.0,,,20650.0
2205,2018-08-27,20600.0,,,20700.0
2206,2018-08-27,20700.0,,,20700.0
2207,2018-08-28,21150.0,,,21150.0
2208,2018-08-28,21050.0,,,21150.0
2209,2018-08-28,20700.0,,,20900.0
2210,2018-08-28,20850.0,,,21050.0
2211,2018-08-29,21200.0,,,20950.0
2212,2018-08-29,21000.0,,,20950.0
2213,2018-08-29,20950.0,,,21000.0
2214,2018-08-29,21000.0,,,21000.0
2215,2018-08-30,21200.0,,,21000.0
2216,2018-08-30,21000.0,,,20850.0
2217,2018-08-30,20850.0,,,20750.0
2218,2018-08-30,20700.0,,,20700.0
2219,2018-08-31,20700.0,,,21350.0
2220,2018-08-31,21350.0,,,21400.0
2221,2018-08-31,21400.0,,,21650.0
2222,2018-08-31,21650.0,,,21600.0
2223,2018-09-03,21500.0,,,21400.0
2224,2018-09-03,21450.0,,,21350.0
2225,2018-09-03,21700.0,,,21800.0
2226,2018-09-03,21800.0,,,21500.0
2227,2018-09-04,21200.0,,,21650.0
2228,2018-09-04,21650.0,,,21600.0
2229,2018-09-04,21600.0,,,21400.0
2230,2018-09-04,21350.0,,,21550.0
2231,2018-09-05,21600.0,,,21600.0
2232,2018-09-05,21600.0,,,21500.0
2233,2018-09-05,21550.0,,,21400.0
2234,2018-09-05,21450.0,,,21350.0
2235,2018-09-06,21500.0,,,21500.0
2236,2018-09-06,21350.0,,,21050.0
2237,2018-09-06,21000.0,,,21200.0
2238,2018-09-06,21200.0,,,21500.0
2239,2018-09-07,21300.0,,,21900.0
2240,2018-09-07,21900.0,,,21850.0
2241,2018-09-07,21850.0,,,21900.0
2242,2018-09-07,21950.0,,,21850.0
2243,2018-09-10,21650.0,,,21650.0
2244,2018-09-10,21600.0,,,21650.0
2245,2018-09-10,21850.0,,,21650.0
2246,2018-09-10,21650.0,,,21650.0
2247,2018-09-11,21600.0,,,21650.0
2248,2018-09-11,21650.0,,,21750.0
2249,2018-09-11,21750.0,,,21850.0
2250,2018-09-11,21950.0,,,21600.0
2251,2018-09-12,21900.0,,,21450.0
2252,2018-09-12,21450.0,,,21500.0
2253,2018-09-12,21500.0,,,21300.0
2254,2018-09-12,21300.0,,,21300.0
2255,2018-09-13,21700.0,,,21600.0
2256,2018-09-13,21550.0,,,21600.0
2257,2018-09-13,21600.0,,,21700.0
2258,2018-09-13,21650.0,,,21450.0
2259,2018-09-14,21850.0,,,22000.0
2260,2018-09-14,22050.0,,,22250.0
2261,2018-09-14,22300.0,,,22100.0
2262,2018-09-14,22150.0,,,21900.0
2263,2018-09-17,21800.0,,,21900.0
2264,2018-09-17,21850.0,,,21800.0
2265,2018-09-17,21850.0,,,21800.0
2266,2018-09-17,21750.0,,,21900.0
2267,2018-09-18,21600.0,,,21650.0
2268,2018-09-18,21650.0,,,21800.0
2269,2018-09-18,21850.0,,,21700.0
2270,2018-09-18,21700.0,,,21800.0
2271,2018-09-19,21800.0,,,21600.0
2272,2018-09-19,21600.0,,,21650.0
2273,2018-09-19,21650.0,,,21800.0
2274,2018-09-19,21800.0,,,21750.0
2275,2018-09-20,21900.0,,,21700.0
2276,2018-09-20,21850.0,,,22350.0
2277,2018-09-20,22350.0,,,22250.0
2278,2018-09-20,22250.0,,,21900.0
2279,2018-09-21,21900.0,,,22400.0
2280,2018-09-21,22400.0,,,22400.0
2281,2018-09-21,22400.0,,,22350.0
2282,2018-09-21,22350.0,,,22400.0
2283,2018-09-27,22600.0,,,22550.0
2284,2018-09-27,22700.0,,,22600.0
2285,2018-09-27,22500.0,,,22500.0
2286,2018-09-27,22500.0,,,22700.0
2287,2018-09-28,22700.0,,,22750.0
2288,2018-09-28,22850.0,,,22850.0
2289,2018-09-28,22650.0,,,22700.0
2290,2018-09-28,22750.0,,,22850.0
2291,2018-10-01,22850.0,,,22500.0
2292,2018-10-01,22550.0,,,22450.0
2293,2018-10-01,22500.0,,,22200.0
2294,2018-10-01,22200.0,,,22200.0
2295,2018-10-02,22150.0,,,21550.0
2296,2018-10-02,21600.0,,,21650.0
2297,2018-10-02,21650.0,,,21450.0
2298,2018-10-02,21500.0,,,21400.0
2299,2018-10-04,21500.0,,,21400.0
2300,2018-10-04,21400.0,,,21250.0
2301,2018-10-04,21250.0,,,21000.0
2302,2018-10-04,21000.0,,,20850.0
2303,2018-10-05,19900.0,,,20050.0
2304,2018-10-05,20050.0,,,19900.0
2305,2018-10-05,20500.0,,,20200.0
2306,2018-10-05,20200.0,,,19900.0
2307,2018-10-08,19950.0,,,20000.0
2308,2018-10-08,20050.0,,,19600.0
2309,2018-10-08,19650.0,,,19750.0
2310,2018-10-08,19750.0,,,19500.0
2311,2018-10-10,19400.0,,,19550.0
2312,2018-10-10,19550.0,,,19200.0
2313,2018-10-10,19200.0,,,19050.0
2314,2018-10-10,19050.0,,,19200.0
2315,2018-10-11,17250.0,,,17800.0
2316,2018-10-11,18100.0,,,18100.0
2317,2018-10-11,18100.0,,,17850.0
2318,2018-10-11,17850.0,,,17250.0
2319,2018-10-12,17500.0,,,18000.0
2320,2018-10-12,17950.0,,,17300.0
2321,2018-10-12,17250.0,,,17000.0
2322,2018-10-12,17000.0,,,17100.0
2323,2018-10-15,16850.0,,,16650.0
2324,2018-10-15,16950.0,,,16950.0
2325,2018-10-15,17300.0,,,16950.0
2326,2018-10-15,16950.0,,,16850.0
2327,2018-10-16,16650.0,,,17450.0
2328,2018-10-16,17450.0,,,17650.0
2329,2018-10-16,17650.0,,,18000.0
2330,2018-10-16,18000.0,,,17750.0
2331,2018-10-17,18000.0,,,17850.0
2332,2018-10-17,17850.0,,,18000.0
2333,2018-10-17,18000.0,,,17950.0
2334,2018-10-17,17950.0,,,17950.0
2335,2018-10-18,18750.0,,,18700.0
2336,2018-10-18,18200.0,,,19000.0
2337,2018-10-18,19000.0,,,19100.0
2338,2018-10-18,19100.0,,,18800.0
2339,2018-10-19,18500.0,,,18500.0
2340,2018-10-19,18550.0,,,18850.0
2341,2018-10-19,18900.0,,,18700.0
2342,2018-10-19,18700.0,,,18800.0
2343,2018-10-22,18500.0,,,18600.0
2344,2018-10-22,18800.0,,,18400.0
2345,2018-10-22,18400.0,,,18500.0
2346,2018-10-22,18500.0,,,18500.0
2347,2018-10-23,18700.0,,,18450.0
2348,2018-10-23,18400.0,,,17950.0
2349,2018-10-23,17950.0,,,18050.0
2350,2018-10-23,18050.0,,,18100.0
2351,2018-10-24,18350.0,,,18050.0
2352,2018-10-24,18100.0,,,18350.0
2353,2018-10-24,18300.0,,,17750.0
2354,2018-10-24,17700.0,,,17700.0
2355,2018-10-25,17200.0,,,17100.0
2356,2018-10-25,17050.0,,,17350.0
2357,2018-10-25,17350.0,,,17950.0
2358,2018-10-25,17950.0,,,17700.0
2359,2018-10-26,17300.0,,,17100.0
2360,2018-10-26,17200.0,,,17300.0
2361,2018-10-26,17850.0,,,17600.0
2362,2018-10-26,17600.0,,,17200.0
2363,2018-10-29,17200.0,,,17000.0
2364,2018-10-29,17000.0,,,16500.0
2365,2018-10-29,16500.0,,,16150.0
2366,2018-10-29,17100.0,,,17200.0
2367,2018-10-30,15600.0,,,16300.0
2368,2018-10-30,16250.0,,,16200.0
2369,2018-10-30,16300.0,,,16850.0
2370,2018-10-30,16850.0,,,16700.0
2371,2018-10-31,17650.0,,,17500.0
2372,2018-10-31,17350.0,,,17850.0
2373,2018-10-31,17850.0,,,17650.0
2374,2018-10-31,16900.0,,,17350.0
2375,2018-11-01,17650.0,,,18200.0
2376,2018-11-01,18200.0,,,18250.0
2377,2018-11-01,18250.0,,,17800.0
2378,2018-11-01,17850.0,,,17650.0
2379,2018-11-02,18050.0,,,18200.0
2380,2018-11-02,17900.0,,,18100.0
2381,2018-11-02,17800.0,,,17950.0
2382,2018-11-02,17950.0,,,17900.0
2383,2018-11-05,18300.0,,,17900.0
2384,2018-11-05,17900.0,,,18150.0
2385,2018-11-05,18150.0,,,18050.0
2386,2018-11-05,18050.0,,,18000.0
2387,2018-11-06,18000.0,,,18000.0
2388,2018-11-06,18000.0,,,17800.0
2389,2018-11-06,17800.0,,,18050.0
2390,2018-11-06,18050.0,,,18050.0
2391,2018-11-07,17950.0,,,17950.0
2392,2018-11-07,18500.0,,,18450.0
2393,2018-11-07,18450.0,,,18350.0
2394,2018-11-07,18350.0,,,18000.0
2395,2018-11-08,18300.0,,,17900.0
2396,2018-11-08,17900.0,,,17800.0
2397,2018-11-08,17750.0,,,17800.0
2398,2018-11-08,17800.0,,,17800.0
2399,2018-11-09,17150.0,,,17150.0
2400,2018-11-09,18000.0,,,17350.0
2401,2018-11-09,17350.0,,,17100.0
2402,2018-11-09,17100.0,,,17150.0
2403,2018-11-12,17300.0,,,17950.0
2404,2018-11-12,17900.0,,,17950.0
2405,2018-11-12,17950.0,,,17650.0
2406,2018-11-12,17700.0,,,17600.0
2407,2018-11-13,17300.0,,,17200.0
2408,2018-11-13,17150.0,,,17200.0
2409,2018-11-13,17150.0,,,17600.0
2410,2018-11-13,17550.0,,,17700.0
2411,2018-11-14,18450.0,,,18000.0
2412,2018-11-14,17600.0,,,17450.0
2413,2018-11-14,17450.0,,,17500.0
2414,2018-11-14,17500.0,,,18500.0
2415,2018-11-15,17900.0,,,17500.0
2416,2018-11-15,17500.0,,,17350.0
2417,2018-11-15,17350.0,,,17650.0
2418,2018-11-15,17650.0,,,17750.0
2419,2018-11-16,18900.0,,,18900.0
2420,2018-11-16,17850.0,,,18800.0
2421,2018-11-16,18850.0,,,18850.0
2422,2018-11-16,18850.0,,,18950.0
2423,2018-11-19,18900.0,,,19450.0
2424,2018-11-19,19450.0,,,19550.0
2425,2018-11-19,19550.0,,,20000.0
2426,2018-11-19,20000.0,,,20000.0
2427,2018-11-20,19600.0,,,19650.0
2428,2018-11-20,19650.0,,,19950.0
2429,2018-11-20,19950.0,,,19900.0
2430,2018-11-20,19900.0,,,19800.0
2431,2018-11-21,19400.0,,,19250.0
2432,2018-11-21,19300.0,,,20200.0
2433,2018-11-21,20200.0,,,19950.0
2434,2018-11-21,19950.0,,,19900.0
2435,2018-11-22,19900.0,,,19500.0
2436,2018-11-22,19500.0,,,19050.0
2437,2018-11-22,18950.0,,,18750.0
2438,2018-11-22,19050.0,,,18950.0
2439,2018-11-23,19050.0,,,19000.0
2440,2018-11-23,18900.0,,,18650.0
2441,2018-11-23,18800.0,,,19050.0
2442,2018-11-23,19000.0,,,18900.0
2443,2018-11-26,19200.0,,,19100.0
2444,2018-11-26,18750.0,,,19300.0
2445,2018-11-26,19300.0,,,19400.0
2446,2018-11-26,19400.0,,,19150.0
2447,2018-11-27,19350.0,,,19350.0
2448,2018-11-27,19400.0,,,19400.0
2449,2018-11-27,19200.0,,,19300.0
2450,2018-11-27,19350.0,,,19400.0
2451,2018-11-28,19350.0,,,19150.0
2452,2018-11-28,19150.0,,,19300.0
2453,2018-11-28,19300.0,,,19250.0
2454,2018-11-28,19250.0,,,19150.0
2455,2018-11-29,19300.0,,,19300.0
2456,2018-11-29,19400.0,,,19300.0
2457,2018-11-29,19300.0,,,19300.0
2458,2018-11-29,19350.0,,,19400.0
2459,2018-11-30,19300.0,,,19350.0
2460,2018-11-30,19350.0,,,19400.0
2461,2018-11-30,19400.0,,,19700.0
2462,2018-11-30,19700.0,,,19750.0
2463,2018-12-03,20200.0,,,20250.0
2464,2018-12-03,19900.0,,,20050.0
2465,2018-12-03,20050.0,,,20250.0
2466,2018-12-03,19900.0,,,19950.0
2467,2018-12-04,20400.0,,,19950.0
2468,2018-12-04,19950.0,,,20050.0
2469,2018-12-04,20050.0,,,19500.0
2470,2018-12-04,19500.0,,,19700.0
2471,2018-12-05,19300.0,,,19450.0
2472,2018-12-05,19450.0,,,19450.0
2473,2018-12-05,19400.0,,,19350.0
2474,2018-12-05,19350.0,,,19400.0
2475,2018-12-06,19400.0,,,19250.0
2476,2018-12-06,19250.0,,,19150.0
2477,2018-12-06,19150.0,,,19050.0
2478,2018-12-06,19100.0,,,19000.0
2479,2018-12-07,19150.0,,,19150.0
2480,2018-12-07,19100.0,,,19150.0
2481,2018-12-07,19150.0,,,19350.0
2482,2018-12-07,19300.0,,,19150.0
2483,2018-12-10,18750.0,,,18950.0
2484,2018-12-10,19000.0,,,19000.0
2485,2018-12-10,19000.0,,,19050.0
2486,2018-12-10,18950.0,,,19100.0
2487,2018-12-11,19150.0,,,18950.0
2488,2018-12-11,18950.0,,,18800.0
2489,2018-12-11,18800.0,,,18700.0
2490,2018-12-11,18700.0,,,18850.0
2491,2018-12-12,19750.0,,,19650.0
2492,2018-12-12,18950.0,,,19450.0
2493,2018-12-12,19400.0,,,19350.0
2494,2018-12-12,19400.0,,,19700.0
2495,2018-12-13,19800.0,,,19350.0
2496,2018-12-13,19350.0,,,19250.0
2497,2018-12-13,19250.0,,,19350.0
2498,2018-12-13,19400.0,,,19650.0
2499,2018-12-14,19300.0,,,19500.0
2500,2018-12-14,19550.0,,,19300.0
2501,2018-12-14,19300.0,,,19300.0
2502,2018-12-14,19250.0,,,19250.0
2503,2018-12-17,19250.0,,,19250.0
2504,2018-12-17,19350.0,,,19100.0
2505,2018-12-17,19100.0,,,19050.0
2506,2018-12-17,19050.0,,,19050.0
2507,2018-12-18,18950.0,,,18700.0
2508,2018-12-18,18700.0,,,18400.0
2509,2018-12-18,18300.0,,,18400.0
2510,2018-12-18,18450.0,,,18450.0
2511,2018-12-19,18400.0,,,18550.0
2512,2018-12-19,18550.0,,,18450.0
2513,2018-12-19,18450.0,,,18300.0
2514,2018-12-19,18300.0,,,18200.0
2515,2018-12-20,17900.0,,,17950.0
2516,2018-12-20,18100.0,,,17950.0
2517,2018-12-20,18000.0,,,18100.0
2518,2018-12-20,18100.0,,,18100.0
2519,2018-12-21,17950.0,,,18000.0
2520,2018-12-21,18000.0,,,18000.0
2521,2018-12-21,18000.0,,,18000.0
2522,2018-12-21,17950.0,,,18000.0
2523,2018-12-24,18000.0,,,18000.0
2524,2018-12-24,18050.0,,,17950.0
2525,2018-12-24,17950.0,,,17850.0
2526,2018-12-24,17800.0,,,17750.0
2527,2018-12-26,17450.0,,,17400.0
2528,2018-12-26,17450.0,,,17450.0
2529,2018-12-26,17450.0,,,17400.0
2530,2018-12-26,17500.0,,,17550.0
2531,2018-12-27,17600.0,,,17400.0
2532,2018-12-27,17400.0,,,17600.0
2533,2018-12-27,17600.0,,,17500.0
2534,2018-12-27,17450.0,,,17600.0
2535,2018-12-28,17550.0,,,17500.0
2536,2018-12-28,17650.0,,,17550.0
2537,2018-12-28,17850.0,,,17650.0
2538,2018-12-28,17550.0,,,17500.0
2539,2019-01-02,17600.0,,,17600.0
2540,2019-01-02,17600.0,,,17500.0
2541,2019-01-02,17500.0,,,17250.0
2542,2019-01-03,17300.0,,,17250.0
2543,2019-01-03,17250.0,,,16850.0
2544,2019-01-03,16850.0,,,16650.0
2545,2019-01-03,16600.0,,,16650.0
2546,2019-01-04,16750.0,,,16750.0
2547,2019-01-04,16500.0,,,16350.0
2548,2019-01-04,16350.0,,,16550.0
2549,2019-01-04,16550.0,,,16700.0
2550,2019-01-07,16950.0,,,17550.0
2551,2019-01-07,17550.0,,,17650.0
2552,2019-01-07,17650.0,,,17600.0
2553,2019-01-07,17600.0,,,17900.0
2554,2019-01-08,18050.0,,,18000.0
2555,2019-01-08,18100.0,,,17650.0
2556,2019-01-08,17550.0,,,17700.0
2557,2019-01-08,17700.0,,,18100.0
2558,2019-01-09,18000.0,,,17950.0
2559,2019-01-09,17950.0,,,17950.0
2560,2019-01-09,18000.0,,,18050.0
2561,2019-01-09,18050.0,,,18250.0
2562,2019-01-10,18250.0,,,18500.0
2563,2019-01-10,18500.0,,,18450.0
2564,2019-01-10,18500.0,,,18550.0
2565,2019-01-10,18500.0,,,18300.0
2566,2019-01-11,18550.0,,,18600.0
2567,2019-01-11,18300.0,,,18450.0
2568,2019-01-11,18400.0,,,18300.0
2569,2019-01-11,18300.0,,,18550.0
2570,2019-01-14,18600.0,,,19500.0
2571,2019-01-14,19550.0,,,19350.0
2572,2019-01-14,19300.0,,,19700.0
2573,2019-01-14,19650.0,,,19450.0
2574,2019-01-15,20950.0,,,21000.0
2575,2019-01-15,19450.0,,,20350.0
2576,2019-01-15,20400.0,,,20700.0
2577,2019-01-15,20750.0,,,20950.0
2578,2019-01-16,21050.0,,,21000.0
2579,2019-01-16,21000.0,,,21300.0
2580,2019-01-16,21250.0,,,21150.0
2581,2019-01-16,21150.0,,,21300.0
2582,2019-01-17,21200.0,,,21400.0
2583,2019-01-17,21450.0,,,21200.0
2584,2019-01-17,21300.0,,,20900.0
2585,2019-01-17,20900.0,,,20750.0
2586,2019-01-18,21300.0,,,21050.0
2587,2019-01-18,21100.0,,,21250.0
2588,2019-01-18,21250.0,,,21300.0
2589,2019-01-18,21300.0,,,21250.0
2590,2019-01-21,21100.0,,,21050.0
2591,2019-01-21,21050.0,,,21250.0
2592,2019-01-21,21350.0,,,21150.0
2593,2019-01-21,21150.0,,,21050.0
2594,2019-01-22,21100.0,,,20900.0
2595,2019-01-22,20500.0,,,20800.0
2596,2019-01-22,21250.0,,,21100.0
2597,2019-01-22,20900.0,,,20600.0
2598,2019-01-23,20750.0,,,20950.0
2599,2019-01-23,21000.0,,,20700.0
2600,2019-01-23,20700.0,,,20750.0
2601,2019-01-23,20750.0,,,20900.0
2602,2019-01-24,20900.0,,,21050.0
2603,2019-01-24,21050.0,,,20700.0
2604,2019-01-24,20750.0,,,20950.0
2605,2019-01-24,20950.0,,,21000.0
2606,2019-01-25,21250.0,,,21350.0
2607,2019-01-25,21350.0,,,21350.0
2608,2019-01-25,21350.0,,,21150.0
2609,2019-01-25,21200.0,,,21050.0
2610,2019-01-28,21400.0,,,21350.0
2611,2019-01-28,21400.0,,,21400.0
2612,2019-01-28,20800.0,,,21250.0
2613,2019-01-28,21300.0,,,21400.0
2614,2019-01-29,21500.0,,,20950.0
2615,2019-01-29,20950.0,,,21000.0
2616,2019-01-29,21000.0,,,20700.0
2617,2019-01-29,20750.0,,,21050.0
2618,2019-01-30,20950.0,,,20250.0
2619,2019-01-30,20200.0,,,20100.0
2620,2019-01-30,20150.0,,,20100.0
2621,2019-01-30,20100.0,,,20500.0
2622,2019-01-31,20200.0,,,20000.0
2623,2019-01-31,20300.0,,,20450.0
2624,2019-01-31,20450.0,,,20500.0
2625,2019-01-31,20500.0,,,20200.0
2626,2019-02-01,20200.0,,,19900.0
2627,2019-02-01,19900.0,,,19700.0
2628,2019-02-01,19700.0,,,19950.0
2629,2019-02-01,19950.0,,,19700.0
2630,2019-02-07,19800.0,,,19900.0
2631,2019-02-07,20100.0,,,19850.0
2632,2019-02-07,19800.0,,,20100.0
2633,2019-02-07,19850.0,,,19800.0
2634,2019-02-08,19700.0,,,20200.0
2635,2019-02-08,20200.0,,,20250.0
2636,2019-02-08,20300.0,,,20200.0
2637,2019-02-08,20200.0,,,20400.0
2638,2019-02-11,20450.0,,,20450.0
2639,2019-02-11,20450.0,,,20700.0
2640,2019-02-11,20700.0,,,20900.0
2641,2019-02-11,20950.0,,,20900.0
2642,2019-02-12,22050.0,,,22100.0
2643,2019-02-12,20900.0,,,21250.0
2644,2019-02-12,21250.0,,,21650.0
2645,2019-02-12,21650.0,,,22000.0
2646,2019-02-13,22150.0,,,22150.0
2647,2019-02-13,22200.0,,,22300.0
2648,2019-02-13,22300.0,,,21600.0
2649,2019-02-13,21600.0,,,21800.0
2650,2019-02-14,21400.0,,,21600.0
2651,2019-02-14,21800.0,,,21550.0
2652,2019-02-14,21550.0,,,21600.0
2653,2019-02-14,21600.0,,,21450.0
2654,2019-02-15,21300.0,,,21650.0
2655,2019-02-15,21650.0,,,21450.0
2656,2019-02-15,21500.0,,,21600.0
2657,2019-02-15,21600.0,,,21550.0
2658,2019-02-18,21400.0,,,21550.0
2659,2019-02-18,21600.0,,,21700.0
2660,2019-02-18,21650.0,,,21900.0
2661,2019-02-18,21900.0,,,21950.0
2662,2019-02-19,22000.0,,,22150.0
2663,2019-02-19,22150.0,,,22100.0
2664,2019-02-19,22100.0,,,22100.0
2665,2019-02-19,22050.0,,,22200.0
2666,2019-02-20,22850.0,,,22850.0
2667,2019-02-20,22000.0,,,22850.0
2668,2019-02-20,21900.0,,,22100.0
2669,2019-02-20,22100.0,,,21950.0
2670,2019-02-21,22950.0,,,23150.0
2671,2019-02-21,23150.0,,,23400.0
2672,2019-02-21,23350.0,,,23150.0
2673,2019-02-21,22750.0,,,22950.0
2674,2019-02-22,23150.0,,,22650.0
2675,2019-02-22,22550.0,,,22450.0
2676,2019-02-22,22500.0,,,22350.0
2677,2019-02-22,22350.0,,,22450.0
2678,2019-02-25,22750.0,,,23050.0
2679,2019-02-25,23050.0,,,22850.0
2680,2019-02-25,22850.0,,,22800.0
2681,2019-02-25,22600.0,,,23050.0
2682,2019-02-26,23500.0,,,21500.0
2683,2019-02-26,21500.0,,,20950.0
2684,2019-02-26,20950.0,,,21000.0
2685,2019-02-26,20950.0,,,20950.0
2686,2019-02-27,20850.0,,,20800.0
2687,2019-02-27,20950.0,,,20850.0
2688,2019-02-27,21050.0,,,21000.0
2689,2019-02-27,20950.0,,,20950.0
2690,2019-02-28,20850.0,,,21000.0
2691,2019-02-28,21000.0,,,21250.0
2692,2019-02-28,21250.0,,,20750.0
2693,2019-02-28,20700.0,,,20550.0
2694,2019-03-04,20800.0,,,21000.0
2695,2019-03-04,21000.0,,,21000.0
2696,2019-03-04,20950.0,,,20900.0
2697,2019-03-04,20950.0,,,21150.0
2698,2019-03-05,20350.0,,,20800.0
2699,2019-03-05,21150.0,,,20250.0
2700,2019-03-05,20250.0,,,20400.0
2701,2019-03-05,20400.0,,,20350.0
2702,2019-03-06,20700.0,,,20700.0
2703,2019-03-06,20650.0,,,20550.0
2704,2019-03-06,20550.0,,,20550.0
2705,2019-03-06,20550.0,,,20600.0
2706,2019-03-07,20100.0,,,20500.0
2707,2019-03-07,20450.0,,,20600.0
2708,2019-03-07,20550.0,,,20550.0
2709,2019-03-07,20550.0,,,20100.0
2710,2019-03-08,20400.0,,,20500.0
2711,2019-03-08,20500.0,,,20650.0
2712,2019-03-08,20700.0,,,20600.0
2713,2019-03-08,20600.0,,,20650.0
2714,2019-03-11,20550.0,,,20550.0
2715,2019-03-11,20600.0,,,20750.0
2716,2019-03-11,20700.0,,,20850.0
2717,2019-03-11,20850.0,,,20900.0
2718,2019-03-12,20900.0,,,21150.0
2719,2019-03-12,21100.0,,,21100.0
2720,2019-03-12,21050.0,,,20800.0
2721,2019-03-12,20750.0,,,20850.0
2722,2019-03-13,21350.0,,,22200.0
2723,2019-03-13,22250.0,,,22050.0
2724,2019-03-13,21950.0,,,22350.0
2725,2019-03-13,22400.0,,,22300.0
2726,2019-03-14,22450.0,,,22500.0
2727,2019-03-14,22100.0,,,22450.0
2728,2019-03-14,22450.0,,,22400.0
2729,2019-03-14,22400.0,,,22450.0
2730,2019-03-15,22600.0,,,22800.0
2731,2019-03-15,22800.0,,,22550.0
2732,2019-03-15,22550.0,,,22650.0
2733,2019-03-15,22650.0,,,22900.0
2734,2019-03-18,22950.0,,,22850.0
2735,2019-03-18,22900.0,,,22600.0
2736,2019-03-18,22600.0,,,22400.0
2737,2019-03-18,22450.0,,,22800.0
2738,2019-03-19,22750.0,,,22000.0
2739,2019-03-19,22000.0,,,21700.0
2740,2019-03-19,21700.0,,,21550.0
2741,2019-03-19,21500.0,,,21650.0
2742,2019-03-20,21700.0,,,21700.0
2743,2019-03-20,21700.0,,,21950.0
2744,2019-03-20,21500.0,,,21500.0
2745,2019-03-20,21500.0,,,21650.0
2746,2019-03-21,22500.0,,,22600.0
2747,2019-03-21,22900.0,,,22950.0
2748,2019-03-21,22150.0,,,22500.0
2749,2019-03-21,22600.0,,,22900.0
2750,2019-03-22,22050.0,,,22150.0
2751,2019-03-22,22850.0,,,22150.0
2752,2019-03-22,22150.0,,,21800.0
2753,2019-03-22,21800.0,,,22050.0
2754,2019-03-25,21500.0,,,21650.0
2755,2019-03-25,21650.0,,,21650.0
2756,2019-03-25,21650.0,,,21250.0
2757,2019-03-25,21350.0,,,21150.0
2758,2019-03-26,21300.0,,,21350.0
2759,2019-03-26,21300.0,,,21500.0
2760,2019-03-26,21450.0,,,21150.0
2761,2019-03-26,21150.0,,,21100.0
2762,2019-03-27,21250.0,,,21650.0
2763,2019-03-27,21650.0,,,21450.0
2764,2019-03-27,21450.0,,,21300.0
2765,2019-03-27,21300.0,,,21350.0
2766,2019-03-28,21350.0,,,21250.0
2767,2019-03-28,21600.0,,,21350.0
2768,2019-03-28,21450.0,,,21600.0
2769,2019-03-28,21350.0,,,21450.0
2770,2019-03-29,21350.0,,,21900.0
2771,2019-03-29,21850.0,,,22100.0
2772,2019-03-29,22050.0,,,22000.0
2773,2019-03-29,22000.0,,,22050.0
2774,2019-04-01,22100.0,,,22000.0
2775,2019-04-01,21900.0,,,21850.0
2776,2019-04-01,21850.0,,,21850.0
2777,2019-04-01,21800.0,,,21950.0
2778,2019-04-02,22000.0,,,22000.0
2779,2019-04-02,22050.0,,,22100.0
2780,2019-04-02,22050.0,,,22000.0
2781,2019-04-02,22050.0,,,21850.0
2782,2019-04-03,21600.0,,,21550.0
2783,2019-04-03,21600.0,,,21600.0
2784,2019-04-03,21800.0,,,21800.0
2785,2019-04-03,21700.0,,,21550.0
2786,2019-04-04,21700.0,,,22400.0
2787,2019-04-04,22350.0,,,22350.0
2788,2019-04-04,22350.0,,,22250.0
2789,2019-04-04,22200.0,,,22550.0
2790,2019-04-05,22550.0,,,22450.0
2791,2019-04-05,22450.0,,,22500.0
2792,2019-04-05,22450.0,,,22350.0
2793,2019-04-05,22400.0,,,22500.0
2794,2019-04-08,22200.0,,,22150.0
2795,2019-04-08,22900.0,,,22450.0
2796,2019-04-08,22450.0,,,22300.0
2797,2019-04-08,22300.0,,,22150.0
2798,2019-04-09,22100.0,,,22650.0
2799,2019-04-09,22650.0,,,22800.0
2800,2019-04-09,22850.0,,,22900.0
2801,2019-04-09,22950.0,,,23000.0
2802,2019-04-10,23600.0,,,23700.0
2803,2019-04-10,22800.0,,,23500.0
2804,2019-04-10,23450.0,,,23500.0
2805,2019-04-10,23550.0,,,23600.0
2806,2019-04-11,23750.0,,,23300.0
2807,2019-04-11,23300.0,,,23400.0
2808,2019-04-11,23400.0,,,23200.0
2809,2019-04-11,23250.0,,,23250.0
2810,2019-04-12,23500.0,,,23800.0
2811,2019-04-12,23800.0,,,23650.0
2812,2019-04-12,23650.0,,,23700.0
2813,2019-04-12,23750.0,,,23700.0
2814,2019-04-15,23800.0,,,24300.0
2815,2019-04-15,24300.0,,,24500.0
2816,2019-04-15,24500.0,,,24400.0
2817,2019-04-15,24350.0,,,24650.0
2818,2019-04-16,24600.0,,,24600.0
2819,2019-04-16,24350.0,,,24650.0
2820,2019-04-16,24100.0,,,24350.0
2821,2019-04-16,24500.0,,,24150.0
2822,2019-04-17,23900.0,,,23800.0
2823,2019-04-17,24300.0,,,24400.0
2824,2019-04-17,24400.0,,,23850.0
2825,2019-04-17,23900.0,,,23950.0
2826,2019-04-18,23800.0,,,23650.0
2827,2019-04-18,23700.0,,,23650.0
2828,2019-04-18,23650.0,,,23400.0
2829,2019-04-18,23350.0,,,23400.0
2830,2019-04-19,23600.0,,,24800.0
2831,2019-04-19,24800.0,,,25150.0
2832,2019-04-19,25150.0,,,25450.0
2833,2019-04-19,25450.0,,,25450.0
2834,2019-04-22,25700.0,,,24950.0
2835,2019-04-22,24950.0,,,24600.0
2836,2019-04-22,24600.0,,,24850.0
2837,2019-04-22,24850.0,,,25000.0
2838,2019-04-23,23650.0,,,23750.0
2839,2019-04-23,23550.0,,,23700.0
2840,2019-04-23,25000.0,,,23850.0
2841,2019-04-23,23850.0,,,23550.0
2842,2019-04-24,24000.0,,,23700.0
2843,2019-04-24,23700.0,,,23900.0
2844,2019-04-24,23900.0,,,24450.0
2845,2019-04-24,24500.0,,,24350.0
2846,2019-04-25,24450.0,,,23650.0
2847,2019-04-25,23600.0,,,24050.0
2848,2019-04-25,24050.0,,,23950.0
2849,2019-04-25,24000.0,,,23950.0
2850,2019-04-26,23850.0,,,23500.0
2851,2019-04-26,23500.0,,,23800.0
2852,2019-04-26,23850.0,,,24050.0
2853,2019-04-26,24000.0,,,23850.0
2854,2019-04-29,24000.0,,,24200.0
2855,2019-04-29,24250.0,,,24000.0
2856,2019-04-29,23900.0,,,23950.0
2857,2019-04-29,24150.0,,,23950.0
2858,2019-04-30,24650.0,,,24650.0
2859,2019-04-30,24050.0,,,24350.0
2860,2019-04-30,24200.0,,,24050.0
2861,2019-04-30,24350.0,,,24650.0
2862,2019-05-02,24400.0,,,24200.0
2863,2019-05-02,24200.0,,,24250.0
2864,2019-05-02,24200.0,,,24450.0
2865,2019-05-02,24400.0,,,24400.0
2866,2019-05-03,23850.0,,,24250.0
2867,2019-05-03,24250.0,,,24050.0
2868,2019-05-03,24050.0,,,24000.0
2869,2019-05-03,24400.0,,,23900.0
2870,2019-05-07,23300.0,,,23850.0
2871,2019-05-07,23850.0,,,23650.0
2872,2019-05-07,23700.0,,,23550.0
2873,2019-05-07,23550.0,,,23450.0
2874,2019-05-08,23200.0,,,23100.0
2875,2019-05-08,23450.0,,,23250.0
2876,2019-05-08,23250.0,,,23450.0
2877,2019-05-08,23300.0,,,23200.0
2878,2019-05-09,23000.0,,,22700.0
2879,2019-05-09,22700.0,,,22500.0
2880,2019-05-09,22500.0,,,22200.0
2881,2019-05-09,22200.0,,,22250.0
2882,2019-05-10,22500.0,,,22400.0
2883,2019-05-10,22400.0,,,22450.0
2884,2019-05-10,22500.0,,,22650.0
2885,2019-05-10,22600.0,,,22500.0
2886,2019-05-13,22500.0,,,22450.0
2887,2019-05-13,22400.0,,,22500.0
2888,2019-05-13,22500.0,,,22150.0
2889,2019-05-13,22100.0,,,22050.0
2890,2019-05-14,21500.0,,,22550.0
2891,2019-05-14,22600.0,,,22450.0
2892,2019-05-14,22450.0,,,22100.0
2893,2019-05-14,22100.0,,,22200.0
2894,2019-05-15,22800.0,,,22950.0
2895,2019-05-15,22800.0,,,22800.0
2896,2019-05-15,22600.0,,,22800.0
2897,2019-05-15,22250.0,,,22600.0
2898,2019-05-16,23250.0,,,22900.0
2899,2019-05-16,22900.0,,,22950.0
2900,2019-05-16,22900.0,,,22850.0
2901,2019-05-16,22900.0,,,22900.0
2902,2019-05-17,23300.0,,,22850.0
2903,2019-05-17,22850.0,,,22550.0
2904,2019-05-17,22550.0,,,22350.0
2905,2019-05-17,22300.0,,,22500.0
2906,2019-05-20,22550.0,,,22500.0
2907,2019-05-20,22550.0,,,22550.0
2908,2019-05-20,22500.0,,,22950.0
2909,2019-05-20,22950.0,,,22550.0
2910,2019-05-21,22500.0,,,23000.0
2911,2019-05-21,23000.0,,,23100.0
2912,2019-05-21,23150.0,,,22950.0
2913,2019-05-21,23000.0,,,22950.0
2914,2019-05-22,23050.0,,,23000.0
2915,2019-05-22,23200.0,,,23000.0
2916,2019-05-22,23000.0,,,23000.0
2917,2019-05-22,23000.0,,,23050.0
2918,2019-05-23,22850.0,,,22950.0
2919,2019-05-23,22950.0,,,23500.0
2920,2019-05-23,23500.0,,,23800.0
2921,2019-05-23,23850.0,,,23800.0
2922,2019-05-24,24150.0,,,23800.0
2923,2019-05-24,23800.0,,,23650.0
2924,2019-05-24,23650.0,,,23900.0
2925,2019-05-24,23900.0,,,23850.0
2926,2019-05-27,24000.0,,,24250.0
2927,2019-05-27,24300.0,,,24050.0
2928,2019-05-27,24100.0,,,23950.0
2929,2019-05-27,23900.0,,,24000.0
2930,2019-05-28,23850.0,,,23750.0
2931,2019-05-28,23750.0,,,23800.0
2932,2019-05-28,24000.0,,,23850.0
2933,2019-05-28,24100.0,,,24000.0
2934,2019-05-29,23400.0,,,23150.0
2935,2019-05-29,23800.0,,,23350.0
2936,2019-05-29,23350.0,,,23500.0
2937,2019-05-29,23450.0,,,23400.0
2938,2019-05-30,23300.0,,,22800.0
2939,2019-05-30,22800.0,,,22650.0
2940,2019-05-30,22600.0,,,23100.0
2941,2019-05-30,23100.0,,,23000.0
2942,2019-05-31,23050.0,,,23150.0
2943,2019-05-31,23150.0,,,23300.0
2944,2019-05-31,23250.0,,,23150.0
2945,2019-05-31,23000.0,,,23050.0
2946,2019-06-03,22950.0,,,23250.0
2947,2019-06-03,23300.0,,,23150.0
2948,2019-06-03,23150.0,,,23100.0
2949,2019-06-03,23150.0,,,23200.0
2950,2019-06-04,24100.0,,,23950.0
2951,2019-06-04,23500.0,,,24100.0
2952,2019-06-04,23200.0,,,23200.0
2953,2019-06-04,23200.0,,,23500.0
2954,2019-06-05,23900.0,,,23550.0
2955,2019-06-05,23600.0,,,23650.0
2956,2019-06-05,23600.0,,,23900.0
2957,2019-06-05,23850.0,,,23800.0
2958,2019-06-07,24150.0,,,24150.0
2959,2019-06-07,24150.0,,,24400.0
2960,2019-06-07,24350.0,,,24500.0
2961,2019-06-07,24550.0,,,24600.0
2962,2019-06-10,24200.0,,,24250.0
2963,2019-06-10,24600.0,,,24350.0
2964,2019-06-10,24350.0,,,24150.0
2965,2019-06-10,24200.0,,,24200.0
2966,2019-06-11,24150.0,,,23850.0
2967,2019-06-11,23850.0,,,23900.0
2968,2019-06-11,23900.0,,,24000.0
2969,2019-06-11,24000.0,,,24000.0
2970,2019-06-12,24000.0,,,23900.0
2971,2019-06-12,23850.0,,,23950.0
2972,2019-06-12,24150.0,,,23800.0
2973,2019-06-12,24000.0,,,23950.0
2974,2019-06-13,23950.0,,,24100.0
2975,2019-06-13,24100.0,,,24350.0
2976,2019-06-13,24400.0,,,24350.0
2977,2019-06-13,23950.0,,,23950.0
2978,2019-06-14,24350.0,,,24750.0
2979,2019-06-14,24750.0,,,24900.0
2980,2019-06-14,24850.0,,,24600.0
2981,2019-06-14,24600.0,,,24700.0
2982,2019-06-17,25250.0,,,25200.0
2983,2019-06-17,24600.0,,,24700.0
2984,2019-06-17,24700.0,,,25250.0
2985,2019-06-17,24650.0,,,24600.0
2986,2019-06-18,25350.0,,,25150.0
2987,2019-06-18,25150.0,,,25250.0
2988,2019-06-18,25250.0,,,25450.0
2989,2019-06-18,25450.0,,,25400.0
2990,2019-06-19,23350.0,,,23700.0
2991,2019-06-19,24300.0,,,23400.0
2992,2019-06-19,25500.0,,,24400.0
2993,2019-06-19,24400.0,,,24250.0
2994,2019-06-20,23900.0,,,23900.0
2995,2019-06-20,23900.0,,,24050.0
2996,2019-06-20,24100.0,,,23600.0
2997,2019-06-20,23550.0,,,23900.0
2998,2019-06-21,24100.0,,,24950.0
2999,2019-06-21,24950.0,,,25200.0
3000,2019-06-21,25250.0,,,25950.0
3001,2019-06-21,25950.0,,,25700.0
3002,2019-06-24,24550.0,,,24750.0
3003,2019-06-24,25900.0,,,25050.0
3004,2019-06-24,25050.0,,,24850.0
3005,2019-06-24,24850.0,,,24550.0
3006,2019-06-25,24850.0,,,24250.0
3007,2019-06-25,24250.0,,,23900.0
3008,2019-06-25,23900.0,,,23550.0
3009,2019-06-25,23550.0,,,23650.0
3010,2019-06-26,23500.0,,,23550.0
3011,2019-06-26,23600.0,,,23750.0
3012,2019-06-26,23750.0,,,23650.0
3013,2019-06-26,23650.0,,,23500.0
3014,2019-06-27,23650.0,,,23500.0
3015,2019-06-27,23500.0,,,23350.0
3016,2019-06-27,23350.0,,,22600.0
3017,2019-06-27,22550.0,,,22650.0
3018,2019-06-28,23000.0,,,22100.0
3019,2019-06-28,22100.0,,,22300.0
3020,2019-06-28,22250.0,,,22300.0
3021,2019-06-28,22300.0,,,22350.0
3022,2019-07-01,21900.0,,,22000.0
3023,2019-07-01,22850.0,,,22100.0
3024,2019-07-01,22100.0,,,21950.0
3025,2019-07-01,22000.0,,,21850.0
3026,2019-07-02,22300.0,,,22300.0
3027,2019-07-02,22250.0,,,22000.0
3028,2019-07-02,22000.0,,,22500.0
3029,2019-07-02,22450.0,,,22450.0
3030,2019-07-03,21750.0,,,21350.0
3031,2019-07-03,22600.0,,,22050.0
3032,2019-07-03,22050.0,,,22000.0
3033,2019-07-03,22050.0,,,21750.0
3034,2019-07-04,21300.0,,,21100.0
3035,2019-07-04,21150.0,,,21100.0
3036,2019-07-04,21100.0,,,20950.0
3037,2019-07-04,20950.0,,,21250.0
3038,2019-07-05,21400.0,,,20850.0
3039,2019-07-05,20850.0,,,20950.0
3040,2019-07-05,20950.0,,,20950.0
3041,2019-07-05,21000.0,,,21100.0
3042,2019-07-08,20850.0,,,20200.0
3043,2019-07-08,20200.0,,,20200.0
3044,2019-07-08,20200.0,,,20250.0
3045,2019-07-08,20200.0,,,20100.0
3046,2019-07-09,20300.0,,,20350.0
3047,2019-07-09,20200.0,,,20500.0
3048,2019-07-09,19900.0,,,20250.0
3049,2019-07-09,20450.0,,,20300.0
3050,2019-07-10,21050.0,,,21000.0
3051,2019-07-10,20550.0,,,20750.0
3052,2019-07-10,20350.0,,,21050.0
3053,2019-07-10,21000.0,,,20600.0
3054,2019-07-11,21350.0,,,21400.0
3055,2019-07-11,20750.0,,,21150.0
3056,2019-07-11,21150.0,,,20850.0
3057,2019-07-11,20900.0,,,21300.0
3058,2019-07-12,21300.0,,,20750.0
3059,2019-07-12,20700.0,,,20500.0
3060,2019-07-12,20500.0,,,19500.0
3061,2019-07-12,19500.0,,,19900.0
3062,2019-07-15,20050.0,,,19150.0
3063,2019-07-15,19100.0,,,19100.0
3064,2019-07-15,19100.0,,,18850.0
3065,2019-07-15,18850.0,,,18900.0
3066,2019-07-16,18900.0,,,19050.0
3067,2019-07-16,19050.0,,,19150.0
3068,2019-07-16,19150.0,,,18800.0
3069,2019-07-16,18800.0,,,18800.0
3070,2019-07-17,18900.0,,,18800.0
3071,2019-07-17,19000.0,,,18850.0
3072,2019-07-17,19000.0,,,19000.0
3073,2019-07-17,18750.0,,,18950.0
3074,2019-07-18,18850.0,,,19000.0
3075,2019-07-18,18950.0,,,18950.0
3076,2019-07-18,18950.0,,,19450.0
3077,2019-07-18,19450.0,,,19350.0
3078,2019-07-19,19350.0,,,19450.0
3079,2019-07-19,19450.0,,,19750.0
3080,2019-07-19,19750.0,,,19600.0
3081,2019-07-19,19600.0,,,19550.0
3082,2019-07-22,19550.0,,,19200.0
3083,2019-07-22,19150.0,,,19250.0
3084,2019-07-22,19250.0,,,19200.0
3085,2019-07-22,19200.0,,,19150.0
3086,2019-07-23,19000.0,,,18850.0
3087,2019-07-23,19100.0,,,19000.0
3088,2019-07-23,19350.0,,,19250.0
3089,2019-07-23,19250.0,,,19100.0
3090,2019-07-24,18850.0,,,19350.0
3091,2019-07-24,19400.0,,,19350.0
3092,2019-07-24,19350.0,,,19250.0
3093,2019-07-24,19200.0,,,19150.0
3094,2019-07-25,19300.0,,,18800.0
3095,2019-07-25,18750.0,,,18550.0
3096,2019-07-25,18600.0,,,18750.0
3097,2019-07-25,18700.0,,,18600.0
3098,2019-07-26,18500.0,,,18450.0
3099,2019-07-26,18500.0,,,18400.0
3100,2019-07-26,18400.0,,,18450.0
3101,2019-07-26,18450.0,,,18500.0
3102,2019-07-29,18150.0,,,17700.0
3103,2019-07-29,17700.0,,,18050.0
3104,2019-07-29,18000.0,,,17800.0
3105,2019-07-29,17800.0,,,17500.0
3106,2019-07-30,18150.0,,,18300.0
3107,2019-07-30,17450.0,,,18100.0
3108,2019-07-30,18050.0,,,18350.0
3109,2019-07-30,18250.0,,,18150.0
3110,2019-07-31,18100.0,,,17900.0
3111,2019-07-31,17950.0,,,18050.0
3112,2019-07-31,18100.0,,,18250.0
3113,2019-07-31,18250.0,,,18300.0
3114,2019-08-01,18050.0,,,18300.0
3115,2019-08-01,18300.0,,,18050.0
3116,2019-08-01,18050.0,,,18300.0
3117,2019-08-01,18300.0,,,18150.0
3118,2019-08-02,17900.0,,,18400.0
3119,2019-08-02,18400.0,,,18300.0
3120,2019-08-02,18300.0,,,18950.0
3121,2019-08-02,18950.0,,,18900.0
3122,2019-08-05,17450.0,,,17150.0
3123,2019-08-05,17750.0,,,17400.0
3124,2019-08-05,18000.0,,,17750.0
3125,2019-08-05,18600.0,,,18000.0
3126,2019-08-06,16800.0,,,16600.0
3127,2019-08-06,16600.0,,,17300.0
3128,2019-08-06,17350.0,,,17400.0
3129,2019-08-06,17500.0,,,16800.0
3130,2019-08-07,16600.0,,,16800.0
3131,2019-08-07,16800.0,,,16950.0
3132,2019-08-07,17000.0,,,17200.0
3133,2019-08-07,17200.0,,,16950.0
3134,2019-08-08,16950.0,,,17750.0
3135,2019-08-08,17750.0,,,17900.0
3136,2019-08-08,17950.0,,,17700.0
3137,2019-08-08,17650.0,,,17700.0
3138,2019-08-09,17750.0,,,17700.0
3139,2019-08-09,17700.0,,,17800.0
3140,2019-08-09,17750.0,,,17750.0
3141,2019-08-09,17800.0,,,17750.0
3142,2019-08-12,18050.0,,,18000.0
3143,2019-08-12,17900.0,,,18100.0
3144,2019-08-12,17800.0,,,17850.0
3145,2019-08-12,17850.0,,,17900.0
3146,2019-08-13,17900.0,,,17850.0
3147,2019-08-13,17900.0,,,17700.0
3148,2019-08-13,17700.0,,,18100.0
3149,2019-08-13,18100.0,,,18000.0
3150,2019-08-14,18200.0,,,18600.0
3151,2019-08-14,18600.0,,,18200.0
3152,2019-08-14,18200.0,,,18350.0
3153,2019-08-14,18400.0,,,17900.0
3154,2019-08-16,17750.0,,,17300.0
3155,2019-08-16,17300.0,,,17250.0
3156,2019-08-16,17250.0,,,17350.0
3157,2019-08-16,17350.0,,,17300.0
3158,2019-08-19,18150.0,,,17700.0
3159,2019-08-19,17700.0,,,17750.0
3160,2019-08-19,18050.0,,,18150.0
3161,2019-08-19,17600.0,,,18050.0
3162,2019-08-20,18150.0,,,18200.0
3163,2019-08-20,17900.0,,,17950.0
3164,2019-08-20,18200.0,,,17900.0
3165,2019-08-20,17950.0,,,18150.0
3166,2019-08-21,18000.0,,,18250.0
3167,2019-08-21,18250.0,,,18150.0
3168,2019-08-21,18150.0,,,17900.0
3169,2019-08-21,17900.0,,,17800.0
3170,2019-08-22,17350.0,,,17250.0
3171,2019-08-22,17250.0,,,17300.0
3172,2019-08-22,17300.0,,,17300.0
3173,2019-08-22,17950.0,,,17400.0
3174,2019-08-23,17300.0,,,17300.0
3175,2019-08-23,17250.0,,,17200.0
3176,2019-08-23,17200.0,,,17200.0
3177,2019-08-23,17200.0,,,17200.0
3178,2019-08-26,16150.0,,,16250.0
3179,2019-08-26,16500.0,,,16400.0
3180,2019-08-26,16950.0,,,16550.0
3181,2019-08-26,16400.0,,,16200.0
3182,2019-08-27,16450.0,,,16450.0
3183,2019-08-27,16450.0,,,16400.0
3184,2019-08-27,16400.0,,,16350.0
3185,2019-08-27,16350.0,,,16400.0
3186,2019-08-28,16550.0,,,16550.0
3187,2019-08-28,16600.0,,,16750.0
3188,2019-08-28,16400.0,,,16600.0
3189,2019-08-28,16600.0,,,16600.0
3190,2019-08-29,16750.0,,,16450.0
3191,2019-08-29,16500.0,,,16450.0
3192,2019-08-29,16450.0,,,16450.0
3193,2019-08-29,16400.0,,,16500.0
3194,2019-08-30,16700.0,,,16850.0
3195,2019-08-30,16850.0,,,16750.0
3196,2019-08-30,16800.0,,,16700.0
3197,2019-08-30,16700.0,,,16700.0
3198,2019-09-02,16700.0,,,16750.0
3199,2019-09-02,16700.0,,,16750.0
3200,2019-09-02,16700.0,,,16750.0
3201,2019-09-02,16800.0,,,16700.0
3202,2019-09-03,16900.0,,,17050.0
3203,2019-09-03,17050.0,,,16950.0
3204,2019-09-03,16950.0,,,17000.0
3205,2019-09-03,17000.0,,,17000.0
3206,2019-09-04,17050.0,,,17350.0
3207,2019-09-04,17300.0,,,17300.0
3208,2019-09-04,17300.0,,,17300.0
3209,2019-09-04,17300.0,,,17300.0
3210,2019-09-05,17250.0,,,17150.0
3211,2019-09-05,17500.0,,,17350.0
3212,2019-09-05,17300.0,,,17300.0
3213,2019-09-05,17250.0,,,17150.0
3214,2019-09-06,17300.0,,,16950.0
3215,2019-09-06,16950.0,,,16850.0
3216,2019-09-06,16850.0,,,16850.0
3217,2019-09-06,16850.0,,,16850.0
3218,2019-09-09,17100.0,,,17100.0
3219,2019-09-09,17100.0,,,17200.0
3220,2019-09-09,17200.0,,,17100.0
3221,2019-09-09,17050.0,,,17100.0
3222,2019-09-10,17100.0,,,17050.0
3223,2019-09-10,17050.0,,,17100.0
3224,2019-09-10,17100.0,,,17050.0
3225,2019-09-10,17050.0,,,17150.0
3226,2019-09-11,17100.0,,,17200.0
3227,2019-09-11,17200.0,,,17200.0
3228,2019-09-11,17200.0,,,17200.0
3229,2019-09-11,17200.0,,,17200.0
3230,2019-09-16,17300.0,,,17300.0
3231,2019-09-16,17250.0,,,17250.0
3232,2019-09-16,17300.0,,,17200.0
3233,2019-09-16,17200.0,,,17250.0
3234,2019-09-17,17500.0,,,17450.0
3235,2019-09-17,17450.0,,,17450.0
3236,2019-09-17,17450.0,,,17500.0
3237,2019-09-17,17150.0,,,17450.0
3238,2019-09-18,17500.0,,,17550.0
3239,2019-09-18,17200.0,,,17350.0
3240,2019-09-18,17400.0,,,17450.0
3241,2019-09-18,17400.0,,,17500.0
3242,2019-09-19,17600.0,,,17450.0
3243,2019-09-19,17450.0,,,17300.0
3244,2019-09-19,17300.0,,,17300.0
3245,2019-09-19,17300.0,,,17400.0
3246,2019-09-20,17400.0,,,17400.0
3247,2019-09-20,17350.0,,,17450.0
3248,2019-09-20,17450.0,,,17500.0
3249,2019-09-20,17350.0,,,17400.0
3250,2019-09-23,17500.0,,,17250.0
3251,2019-09-23,17200.0,,,17150.0
3252,2019-09-23,17150.0,,,17200.0
3253,2019-09-23,17200.0,,,17200.0
3254,2019-09-24,17100.0,,,17150.0
3255,2019-09-24,17050.0,,,17100.0
3256,2019-09-24,17100.0,,,16950.0
3257,2019-09-24,17000.0,,,17050.0
3258,2019-09-25,17100.0,,,17050.0
3259,2019-09-25,17050.0,,,16850.0
3260,2019-09-25,16900.0,,,16750.0
3261,2019-09-25,16750.0,,,16700.0
3262,2019-09-26,16800.0,,,17000.0
3263,2019-09-26,17000.0,,,16900.0
3264,2019-09-26,16900.0,,,16900.0
3265,2019-09-26,16900.0,,,16700.0
3266,2019-09-27,17050.0,,,17050.0
3267,2019-09-27,16800.0,,,16950.0
3268,2019-09-27,17000.0,,,17150.0
3269,2019-09-27,17200.0,,,17050.0
3270,2019-09-30,17000.0,,,17000.0
3271,2019-09-30,17050.0,,,17100.0
3272,2019-09-30,17100.0,,,17100.0
3273,2019-09-30,17100.0,,,17200.0
3274,2019-10-01,17400.0,,,17550.0
3275,2019-10-01,17400.0,,,17450.0
3276,2019-10-01,17150.0,,,17400.0
3277,2019-10-01,17500.0,,,17450.0
3278,2019-10-02,17300.0,,,17350.0
3279,2019-10-02,17350.0,,,17250.0
3280,2019-10-02,17250.0,,,17300.0
3281,2019-10-02,17400.0,,,17300.0
3282,2019-10-04,17300.0,,,17200.0
3283,2019-10-04,17150.0,,,17100.0
3284,2019-10-04,17100.0,,,17100.0
3285,2019-10-04,17150.0,,,17000.0
3286,2019-10-07,16700.0,,,16750.0
3287,2019-10-07,16750.0,,,16700.0
3288,2019-10-07,16650.0,,,16650.0
3289,2019-10-07,16950.0,,,16800.0
3290,2019-10-08,16650.0,,,16700.0
3291,2019-10-08,16700.0,,,16700.0
3292,2019-10-08,16700.0,,,16900.0
3293,2019-10-08,16950.0,,,17300.0
3294,2019-10-10,16950.0,,,16900.0
3295,2019-10-10,16950.0,,,16950.0
3296,2019-10-10,17300.0,,,17100.0
3297,2019-10-10,17100.0,,,16950.0
3298,2019-10-11,16900.0,,,16950.0
3299,2019-10-11,16900.0,,,16900.0
3300,2019-10-11,16950.0,,,16900.0
3301,2019-10-11,16900.0,,,16800.0
3302,2019-10-14,16900.0,,,16850.0
3303,2019-10-14,16800.0,,,16850.0
3304,2019-10-14,16850.0,,,16750.0
3305,2019-10-14,16750.0,,,16700.0
3306,2019-10-15,16650.0,,,16750.0
3307,2019-10-15,16850.0,,,16600.0
3308,2019-10-15,16600.0,,,16550.0
3309,2019-10-15,16600.0,,,16700.0
3310,2019-10-16,17050.0,,,17400.0
3311,2019-10-16,17400.0,,,17300.0
3312,2019-10-16,17250.0,,,17300.0
3313,2019-10-16,17300.0,,,17400.0
3314,2019-10-17,17500.0,,,17650.0
3315,2019-10-17,17500.0,,,17450.0
3316,2019-10-17,17400.0,,,17450.0
3317,2019-10-17,17450.0,,,17550.0
3318,2019-10-18,17600.0,,,17450.0
3319,2019-10-18,17450.0,,,17450.0
3320,2019-10-18,17450.0,,,17400.0
3321,2019-10-18,17400.0,,,17500.0
3322,2019-10-21,17450.0,,,17100.0
3323,2019-10-21,17100.0,,,17150.0
3324,2019-10-21,17150.0,,,17100.0
3325,2019-10-21,17100.0,,,17050.0
3326,2019-10-22,16900.0,,,16850.0
3327,2019-10-22,17050.0,,,16850.0
3328,2019-10-22,16850.0,,,16800.0
3329,2019-10-22,16800.0,,,16900.0
3330,2019-10-23,17000.0,,,16500.0
3331,2019-10-23,16500.0,,,16450.0
3332,2019-10-23,16450.0,,,16400.0
3333,2019-10-23,16400.0,,,16450.0
3334,2019-10-24,16300.0,,,16450.0
3335,2019-10-24,16450.0,,,16250.0
3336,2019-10-24,16250.0,,,16200.0
3337,2019-10-24,16250.0,,,16250.0
3338,2019-10-25,16400.0,,,16250.0
3339,2019-10-25,16250.0,,,16400.0
3340,2019-10-25,16400.0,,,16300.0
3341,2019-10-25,16300.0,,,16400.0
3342,2019-10-28,16500.0,,,16400.0
3343,2019-10-28,16400.0,,,16450.0
3344,2019-10-28,16450.0,,,16450.0
3345,2019-10-28,16400.0,,,16500.0
3346,2019-10-29,16550.0,,,16650.0
3347,2019-10-29,16650.0,,,16550.0
3348,2019-10-29,16550.0,,,16550.0
3349,2019-10-29,16550.0,,,16550.0
3350,2019-10-30,16400.0,,,16350.0
3351,2019-10-30,16450.0,,,16450.0
3352,2019-10-30,16550.0,,,16450.0
3353,2019-10-30,16500.0,,,16400.0
3354,2019-10-31,16450.0,,,16400.0
3355,2019-10-31,16600.0,,,16500.0
3356,2019-10-31,16500.0,,,16450.0
3357,2019-10-31,16450.0,,,16500.0
3358,2019-11-01,16400.0,,,16450.0
3359,2019-11-01,16500.0,,,16450.0
3360,2019-11-01,16450.0,,,16550.0
3361,2019-11-01,16500.0,,,16450.0
3362,2019-11-04,16450.0,,,16450.0
3363,2019-11-04,16400.0,,,16400.0
3364,2019-11-04,16350.0,,,16400.0
3365,2019-11-04,16400.0,,,16350.0
3366,2019-11-05,16450.0,,,17000.0
3367,2019-11-05,17000.0,,,17000.0
3368,2019-11-05,17050.0,,,17150.0
3369,2019-11-05,17150.0,,,17050.0
3370,2019-11-06,17200.0,,,16950.0
3371,2019-11-06,16950.0,,,16900.0
3372,2019-11-06,16950.0,,,17000.0
3373,2019-11-06,16950.0,,,17000.0
3374,2019-11-07,16950.0,,,16850.0
3375,2019-11-07,16950.0,,,16950.0
3376,2019-11-07,16850.0,,,16950.0
3377,2019-11-07,16900.0,,,16900.0
3378,2019-11-08,16950.0,,,17100.0
3379,2019-11-08,17100.0,,,17050.0
3380,2019-11-08,17000.0,,,17000.0
3381,2019-11-08,16950.0,,,16950.0
3382,2019-11-11,17000.0,,,16900.0
3383,2019-11-11,16900.0,,,16950.0
3384,2019-11-11,16900.0,,,17100.0
3385,2019-11-11,17100.0,,,17100.0
3386,2019-11-12,17100.0,,,16900.0
3387,2019-11-12,16900.0,,,16950.0
3388,2019-11-12,17000.0,,,17050.0
3389,2019-11-12,17000.0,,,17000.0
3390,2019-11-13,17150.0,,,17250.0
3391,2019-11-13,17100.0,,,17150.0
3392,2019-11-13,17150.0,,,17000.0
3393,2019-11-13,17000.0,,,17100.0
3394,2019-11-14,17300.0,,,17150.0
3395,2019-11-14,17150.0,,,17100.0
3396,2019-11-14,17150.0,,,17000.0
3397,2019-11-14,17000.0,,,16900.0
3398,2019-11-15,16900.0,,,17000.0
3399,2019-11-15,17050.0,,,17050.0
3400,2019-11-15,17100.0,,,17100.0
3401,2019-11-15,17100.0,,,17200.0
3402,2019-11-18,17250.0,,,17800.0
3403,2019-11-18,17850.0,,,17800.0
3404,2019-11-18,17800.0,,,17800.0
3405,2019-11-18,17800.0,,,17950.0
3406,2019-11-19,17850.0,,,17750.0
3407,2019-11-19,17750.0,,,17800.0
3408,2019-11-19,18050.0,,,17800.0
3409,2019-11-19,17850.0,,,17800.0
3410,2019-11-20,17800.0,,,17600.0
3411,2019-11-20,17600.0,,,17400.0
3412,2019-11-20,17400.0,,,17400.0
3413,2019-11-20,17400.0,,,17450.0
3414,2019-11-21,17150.0,,,17100.0
3415,2019-11-21,17100.0,,,17000.0
3416,2019-11-21,17350.0,,,17000.0
3417,2019-11-21,17050.0,,,17150.0
3418,2019-11-22,17000.0,,,17000.0
3419,2019-11-22,17000.0,,,17050.0
3420,2019-11-22,17000.0,,,17000.0
3421,2019-11-22,17000.0,,,16950.0
3422,2019-11-25,17050.0,,,17050.0
3423,2019-11-25,17050.0,,,17100.0
3424,2019-11-25,17100.0,,,17000.0
3425,2019-11-25,17000.0,,,17050.0
3426,2019-11-26,17100.0,,,17050.0
3427,2019-11-26,16850.0,,,17100.0
3428,2019-11-26,17050.0,,,17050.0
3429,2019-11-26,17050.0,,,16950.0
3430,2019-11-27,17050.0,,,16850.0
3431,2019-11-27,16850.0,,,16850.0
3432,2019-11-27,16850.0,,,16850.0
3433,2019-11-27,16800.0,,,16800.0
3434,2019-11-28,17000.0,,,16800.0
3435,2019-11-28,16800.0,,,16750.0
3436,2019-11-28,16750.0,,,16600.0
3437,2019-11-28,16600.0,,,16550.0
3438,2019-11-29,16550.0,,,16250.0
3439,2019-11-29,16250.0,,,16000.0
3440,2019-11-29,16050.0,,,16100.0
3441,2019-11-29,16100.0,,,16050.0
3442,2019-12-02,15850.0,,,15900.0
3443,2019-12-02,15900.0,,,15950.0
3444,2019-12-02,16000.0,,,15950.0
3445,2019-12-02,15950.0,,,15850.0
3446,2019-12-03,15700.0,,,15650.0
3447,2019-12-03,15600.0,,,15600.0
3448,2019-12-03,15600.0,,,15600.0
3449,2019-12-03,15600.0,,,15550.0
3450,2019-12-04,15450.0,,,15350.0
3451,2019-12-04,15350.0,,,15200.0
3452,2019-12-04,15200.0,,,15150.0
3453,2019-12-04,15200.0,,,15100.0
3454,2019-12-05,14750.0,,,14700.0
3455,2019-12-05,15250.0,,,14850.0
3456,2019-12-05,14850.0,,,14800.0
3457,2019-12-05,14850.0,,,14750.0
3458,2019-12-06,14700.0,,,14800.0
3459,2019-12-06,14800.0,,,15000.0
3460,2019-12-06,14950.0,,,14900.0
3461,2019-12-06,14850.0,,,15000.0
3462,2019-12-09,14750.0,,,14850.0
3463,2019-12-09,14850.0,,,14750.0
3464,2019-12-09,15000.0,,,14650.0
3465,2019-12-09,14650.0,,,14750.0
3466,2019-12-10,14950.0,,,14800.0
3467,2019-12-10,14750.0,,,14750.0
3468,2019-12-10,14800.0,,,14900.0
3469,2019-12-10,14800.0,,,14950.0
3470,2019-12-11,15000.0,,,15050.0
3471,2019-12-11,15050.0,,,14950.0
3472,2019-12-11,14950.0,,,15000.0
3473,2019-12-11,15000.0,,,15000.0
3474,2019-12-12,15000.0,,,15050.0
3475,2019-12-12,15000.0,,,15150.0
3476,2019-12-12,15100.0,,,15050.0
3477,2019-12-12,15000.0,,,15000.0
3478,2019-12-13,15100.0,,,15250.0
3479,2019-12-13,15300.0,,,15200.0
3480,2019-12-13,15200.0,,,15200.0
3481,2019-12-13,15150.0,,,15050.0
3482,2019-12-16,14950.0,,,15000.0
3483,2019-12-16,15000.0,,,14950.0
3484,2019-12-16,15050.0,,,15150.0
3485,2019-12-16,15100.0,,,15000.0
3486,2019-12-17,15000.0,,,14950.0
3487,2019-12-17,14950.0,,,14900.0
3488,2019-12-17,14900.0,,,14900.0
3489,2019-12-17,14900.0,,,14950.0
3490,2019-12-18,15000.0,,,15050.0
3491,2019-12-18,15100.0,,,15000.0
3492,2019-12-18,14950.0,,,15000.0
3493,2019-12-18,14950.0,,,14950.0
3494,2019-12-19,14600.0,,,14700.0
3495,2019-12-19,14950.0,,,14800.0
3496,2019-12-19,14800.0,,,14700.0
3497,2019-12-19,14700.0,,,14600.0
3498,2019-12-20,14800.0,,,14700.0
3499,2019-12-20,14750.0,,,14750.0
3500,2019-12-20,14750.0,,,14750.0
3501,2019-12-20,14750.0,,,14700.0
3502,2019-12-23,14800.0,,,14800.0
3503,2019-12-23,14750.0,,,14650.0
3504,2019-12-23,14750.0,,,14750.0
3505,2019-12-23,14650.0,,,14800.0
3506,2019-12-24,14700.0,,,14650.0
3507,2019-12-24,14700.0,,,14650.0
3508,2019-12-24,14900.0,,,14750.0
3509,2019-12-24,14650.0,,,14650.0
3510,2019-12-26,14650.0,,,14750.0
3511,2019-12-26,14750.0,,,14800.0
3512,2019-12-26,14800.0,,,14800.0
3513,2019-12-26,14850.0,,,14850.0
3514,2019-12-27,14800.0,,,14600.0
3515,2019-12-27,14600.0,,,14700.0
3516,2019-12-27,14700.0,,,14650.0
3517,2019-12-27,14600.0,,,14650.0
3518,2019-12-30,14700.0,,,15000.0
3519,2019-12-30,15000.0,,,15000.0
3520,2019-12-30,14950.0,,,15000.0
3521,2019-12-30,15000.0,,,14950.0
3522,2020-01-02,15100.0,,,15250.0
3523,2020-01-02,15000.0,,,15000.0
3524,2020-01-02,15050.0,,,15050.0
3525,2020-01-03,15000.0,,,14850.0
3526,2020-01-03,15350.0,,,15000.0
3527,2020-01-03,14900.0,,,14900.0
3528,2020-01-03,14900.0,,,14900.0
3529,2020-01-06,14650.0,,,14400.0
3530,2020-01-06,14400.0,,,14400.0
3531,2020-01-06,14350.0,,,14450.0
3532,2020-01-06,14400.0,,,14350.0
3533,2020-01-07,14800.0,,,14800.0
3534,2020-01-07,14500.0,,,14500.0
3535,2020-01-07,14500.0,,,14500.0
3536,2020-01-07,14500.0,,,14800.0
3537,2020-01-08,14700.0,,,13850.0
3538,2020-01-08,13850.0,,,13900.0
3539,2020-01-08,13900.0,,,13950.0
3540,2020-01-08,13950.0,,,13800.0
3541,2020-01-09,14700.0,,,14800.0
3542,2020-01-09,14600.0,,,14850.0
3543,2020-01-09,14250.0,,,14650.0
3544,2020-01-09,14850.0,,,14700.0
3545,2020-01-10,14650.0,,,14950.0
3546,2020-01-10,15000.0,,,15100.0
3547,2020-01-10,15150.0,,,15250.0
3548,2020-01-10,15250.0,,,15300.0
3549,2020-01-13,15400.0,,,15050.0
3550,2020-01-13,15000.0,,,15050.0
3551,2020-01-13,15050.0,,,15150.0
3552,2020-01-13,15100.0,,,15100.0
3553,2020-01-14,15900.0,,,16000.0
3554,2020-01-14,15100.0,,,15850.0
3555,2020-01-14,15850.0,,,15750.0
3556,2020-01-14,15750.0,,,15900.0
3557,2020-01-15,16000.0,,,16400.0
3558,2020-01-15,16450.0,,,16750.0
3559,2020-01-15,16750.0,,,16850.0
3560,2020-01-15,16850.0,,,16850.0
3561,2020-01-16,16800.0,,,16800.0
3562,2020-01-16,16900.0,,,16600.0
3563,2020-01-16,16600.0,,,16550.0
3564,2020-01-16,16500.0,,,16800.0
3565,2020-01-17,16800.0,,,16750.0
3566,2020-01-17,16750.0,,,16800.0
3567,2020-01-17,16800.0,,,16950.0
3568,2020-01-17,16950.0,,,16950.0
3569,2020-01-20,17150.0,,,16850.0
3570,2020-01-20,16850.0,,,16550.0
3571,2020-01-20,16500.0,,,16450.0
3572,2020-01-20,16450.0,,,16750.0
3573,2020-01-21,16750.0,,,16350.0
3574,2020-01-21,16350.0,,,16400.0
3575,2020-01-21,16400.0,,,16350.0
3576,2020-01-21,16350.0,,,16450.0
3577,2020-01-22,16850.0,,,16850.0
3578,2020-01-22,16900.0,,,16800.0
3579,2020-01-22,16550.0,,,16550.0
3580,2020-01-22,16500.0,,,16850.0
3581,2020-01-23,16350.0,,,16200.0
3582,2020-01-23,16200.0,,,16050.0
3583,2020-01-23,16000.0,,,16100.0
3584,2020-01-23,17000.0,,,16400.0
3585,2020-01-28,15400.0,,,15450.0
3586,2020-01-28,15450.0,,,15200.0
3587,2020-01-28,15200.0,,,15300.0
3588,2020-01-28,15300.0,,,15300.0
3589,2020-01-29,15300.0,,,15400.0
3590,2020-01-29,15300.0,,,15300.0
3591,2020-01-29,15350.0,,,15300.0
3592,2020-01-29,15400.0,,,15300.0
3593,2020-01-30,15350.0,,,15450.0
3594,2020-01-30,15450.0,,,15100.0
3595,2020-01-30,15150.0,,,14900.0
3596,2020-01-30,14900.0,,,14900.0
3597,2020-01-31,14700.0,,,14550.0
3598,2020-01-31,14900.0,,,14700.0
3599,2020-01-31,15100.0,,,15000.0
3600,2020-01-31,15000.0,,,14900.0
3601,2020-02-03,14150.0,,,14800.0
3602,2020-02-03,14800.0,,,14700.0
3603,2020-02-03,14650.0,,,14650.0
3604,2020-02-03,14600.0,,,14600.0
3605,2020-02-04,14700.0,,,15050.0
3606,2020-02-04,15050.0,,,15000.0
3607,2020-02-04,15000.0,,,14950.0
3608,2020-02-04,14950.0,,,15000.0
3609,2020-02-05,14850.0,,,14950.0
3610,2020-02-05,15150.0,,,15050.0
3611,2020-02-05,15050.0,,,15100.0
3612,2020-02-05,15100.0,,,14900.0
3613,2020-02-06,15100.0,,,15350.0
3614,2020-02-06,15350.0,,,15450.0
3615,2020-02-06,15450.0,,,15400.0
3616,2020-02-06,15350.0,,,15400.0
3617,2020-02-07,15300.0,,,15250.0
3618,2020-02-07,15550.0,,,15250.0
3619,2020-02-07,15250.0,,,15300.0
3620,2020-02-07,15300.0,,,15250.0
3621,2020-02-10,15200.0,,,15300.0
3622,2020-02-10,15300.0,,,15400.0
3623,2020-02-10,15400.0,,,15450.0
3624,2020-02-10,15400.0,,,15450.0
3625,2020-02-11,15500.0,,,15300.0
3626,2020-02-11,15350.0,,,15400.0
3627,2020-02-11,15400.0,,,15300.0
3628,2020-02-11,15300.0,,,15250.0
3629,2020-02-12,15150.0,,,15200.0
3630,2020-02-12,15300.0,,,15150.0
3631,2020-02-12,15150.0,,,15250.0
3632,2020-02-12,15200.0,,,15150.0
3633,2020-02-13,15250.0,,,15050.0
3634,2020-02-13,15050.0,,,15100.0
3635,2020-02-13,15100.0,,,15050.0
3636,2020-02-13,15000.0,,,15050.0
3637,2020-02-14,15050.0,,,15050.0
3638,2020-02-14,15000.0,,,15100.0
3639,2020-02-14,15100.0,,,15000.0
3640,2020-02-14,15000.0,,,15050.0
3641,2020-02-17,15000.0,,,14950.0
3642,2020-02-17,15000.0,,,15050.0
3643,2020-02-17,15100.0,,,15000.0
3644,2020-02-17,15000.0,,,14950.0
3645,2020-02-18,14950.0,,,14950.0
3646,2020-02-18,14950.0,,,14750.0
3647,2020-02-18,14800.0,,,14700.0
3648,2020-02-18,14700.0,,,14650.0
3649,2020-02-19,14700.0,,,14450.0
3650,2020-02-19,14450.0,,,14600.0
3651,2020-02-19,14600.0,,,14550.0
3652,2020-02-19,14550.0,,,14600.0
3653,2020-02-20,14750.0,,,14750.0
3654,2020-02-20,14550.0,,,14750.0
3655,2020-02-20,14550.0,,,14550.0
3656,2020-02-20,14550.0,,,14600.0
3657,2020-02-21,14400.0,,,14400.0
3658,2020-02-21,14400.0,,,14300.0
3659,2020-02-21,14650.0,,,14400.0
3660,2020-02-21,14400.0,,,14400.0
3661,2020-02-24,13700.0,,,13700.0
3662,2020-02-24,13850.0,,,13850.0
3663,2020-02-24,13850.0,,,13800.0
3664,2020-02-24,13800.0,,,13700.0
3665,2020-02-25,13550.0,,,13850.0
3666,2020-02-25,13850.0,,,13900.0
3667,2020-02-25,13900.0,,,13850.0
3668,2020-02-25,13850.0,,,13800.0
3669,2020-02-26,13600.0,,,13450.0
3670,2020-02-26,13500.0,,,13850.0
3671,2020-02-26,13850.0,,,13700.0
3672,2020-02-26,13750.0,,,13650.0
3673,2020-02-27,13800.0,,,13600.0
3674,2020-02-27,13600.0,,,13550.0
3675,2020-02-27,13500.0,,,13500.0
3676,2020-02-27,13450.0,,,13350.0
3677,2020-02-28,12600.0,,,12450.0
3678,2020-02-28,12650.0,,,12600.0
3679,2020-02-28,12750.0,,,12600.0
3680,2020-02-28,12950.0,,,12700.0
3681,2020-03-02,12500.0,,,12650.0
3682,2020-03-02,12650.0,,,12900.0
3683,2020-03-02,12900.0,,,12900.0
3684,2020-03-02,12950.0,,,13000.0
3685,2020-03-03,13200.0,,,13250.0
3686,2020-03-03,13250.0,,,13250.0
3687,2020-03-03,13250.0,,,13150.0
3688,2020-03-03,13150.0,,,13050.0
3689,2020-03-04,13150.0,,,13350.0
3690,2020-03-04,13350.0,,,13250.0
3691,2020-03-04,13250.0,,,13250.0
3692,2020-03-04,13250.0,,,13350.0
3693,2020-03-05,13500.0,,,13350.0
3694,2020-03-05,13400.0,,,13500.0
3695,2020-03-05,13450.0,,,13450.0
3696,2020-03-05,13450.0,,,13400.0
3697,2020-03-06,13000.0,,,13100.0
3698,2020-03-06,13100.0,,,13050.0
3699,2020-03-06,13100.0,,,13050.0
3700,2020-03-06,13050.0,,,13150.0
3701,2020-03-09,12800.0,,,12550.0
3702,2020-03-09,12500.0,,,12350.0
3703,2020-03-09,12400.0,,,12250.0
3704,2020-03-09,12250.0,,,12250.0
3705,2020-03-10,12150.0,,,12150.0
3706,2020-03-10,11950.0,,,12000.0
3707,2020-03-10,12000.0,,,12100.0
3708,2020-03-10,12100.0,,,12150.0
3709,2020-03-11,12150.0,,,11800.0
3710,2020-03-11,11850.0,,,11850.0
3711,2020-03-11,11900.0,,,11500.0
3712,2020-03-11,11550.0,,,11500.0
3713,2020-03-12,10650.0,,,10400.0
3714,2020-03-12,11200.0,,,10600.0
3715,2020-03-12,10650.0,,,10350.0
3716,2020-03-12,10350.0,,,10650.0
3717,2020-03-13,9400.0,,,8690.0
3718,2020-03-13,8680.0,,,8510.0
3719,2020-03-13,8510.0,,,9520.0
3720,2020-03-13,9550.0,,,9670.0
3721,2020-03-16,9760.0,,,9950.0
3722,2020-03-16,9910.0,,,9700.0
3723,2020-03-16,9700.0,,,9410.0
3724,2020-03-16,9410.0,,,9200.0
3725,2020-03-17,8870.0,,,9150.0
3726,2020-03-17,9160.0,,,9290.0
3727,2020-03-17,9290.0,,,9510.0
3728,2020-03-17,9510.0,,,9500.0
3729,2020-03-18,8930.0,,,8670.0
3730,2020-03-18,9270.0,,,8930.0
3731,2020-03-18,9330.0,,,9270.0
3732,2020-03-18,9620.0,,,9330.0
3733,2020-03-19,7540.0,,,7570.0
3734,2020-03-19,8750.0,,,8460.0
3735,2020-03-19,8460.0,,,7780.0
3736,2020-03-19,7780.0,,,7540.0
3737,2020-03-20,7650.0,,,8450.0
3738,2020-03-20,8450.0,,,8810.0
3739,2020-03-20,8800.0,,,9080.0
3740,2020-03-20,9080.0,,,9040.0
3741,2020-03-23,8360.0,,,8650.0
3742,2020-03-23,8630.0,,,8840.0
3743,2020-03-23,8830.0,,,9070.0
3744,2020-03-23,9070.0,,,8870.0
3745,2020-03-24,9270.0,,,9260.0
3746,2020-03-24,9260.0,,,9190.0
3747,2020-03-24,9160.0,,,9620.0
3748,2020-03-24,9620.0,,,9800.0
3749,2020-03-25,10550.0,,,10050.0
3750,2020-03-25,9970.0,,,10550.0
3751,2020-03-25,10250.0,,,10050.0
3752,2020-03-25,10000.0,,,9970.0
3753,2020-03-26,10050.0,,,9990.0
3754,2020-03-26,9990.0,,,10250.0
3755,2020-03-26,10250.0,,,10300.0
3756,2020-03-26,10300.0,,,10050.0
3757,2020-03-27,10500.0,,,10100.0
3758,2020-03-27,10050.0,,,10050.0
3759,2020-03-27,10050.0,,,10050.0
3760,2020-03-27,10050.0,,,10000.0
3761,2020-03-30,9930.0,,,10050.0
3762,2020-03-30,10050.0,,,10000.0
3763,2020-03-30,10050.0,,,10250.0
3764,2020-03-30,10200.0,,,10200.0
3765,2020-03-31,10550.0,,,10500.0
3766,2020-03-31,10500.0,,,10600.0
3767,2020-03-31,10450.0,,,10550.0
3768,2020-03-31,10500.0,,,10350.0
3769,2020-04-01,10850.0,,,10450.0
3770,2020-04-01,11050.0,,,11050.0
3771,2020-04-01,10500.0,,,11050.0
3772,2020-04-01,11000.0,,,10850.0
3773,2020-04-02,10650.0,,,10850.0
3774,2020-04-02,10850.0,,,10850.0
3775,2020-04-02,10850.0,,,11150.0
3776,2020-04-02,11100.0,,,11250.0
3777,2020-04-03,11700.0,,,11750.0
3778,2020-04-03,11800.0,,,11650.0
3779,2020-04-03,11650.0,,,11700.0
3780,2020-04-03,11350.0,,,11600.0
3781,2020-04-06,11800.0,,,11950.0
3782,2020-04-06,11950.0,,,12200.0
3783,2020-04-06,12200.0,,,12050.0
3784,2020-04-06,12050.0,,,12100.0
3785,2020-04-07,11900.0,,,12100.0
3786,2020-04-07,11900.0,,,11750.0
3787,2020-04-07,12400.0,,,11900.0
3788,2020-04-07,11750.0,,,11900.0
3789,2020-04-08,12150.0,,,11950.0
3790,2020-04-08,12000.0,,,11950.0
3791,2020-04-08,12000.0,,,12150.0
3792,2020-04-08,12100.0,,,12000.0
3793,2020-04-09,11900.0,,,12150.0
3794,2020-04-09,12150.0,,,12150.0
3795,2020-04-09,12300.0,,,11900.0
3796,2020-04-09,11900.0,,,11900.0
3797,2020-04-10,12350.0,,,12350.0
3798,2020-04-10,12300.0,,,12050.0
3799,2020-04-10,12050.0,,,12150.0
3800,2020-04-10,12150.0,,,12150.0
3801,2020-04-13,12200.0,,,12100.0
3802,2020-04-13,12050.0,,,12000.0
3803,2020-04-13,12000.0,,,12000.0
3804,2020-04-13,12000.0,,,11900.0
3805,2020-04-14,12650.0,,,12600.0
3806,2020-04-14,12400.0,,,12650.0
3807,2020-04-14,12400.0,,,12400.0
3808,2020-04-14,12250.0,,,12400.0
3809,2020-04-16,12550.0,,,12650.0
3810,2020-04-16,12650.0,,,12850.0
3811,2020-04-16,12850.0,,,13000.0
3812,2020-04-16,13000.0,,,13000.0
3813,2020-04-17,13000.0,,,13500.0
3814,2020-04-17,13600.0,,,13300.0
3815,2020-04-17,13300.0,,,13450.0
3816,2020-04-17,13450.0,,,13700.0
3817,2020-04-20,14300.0,,,14750.0
3818,2020-04-20,13800.0,,,14800.0
3819,2020-04-20,14750.0,,,14200.0
3820,2020-04-20,14200.0,,,14300.0
3821,2020-04-21,14650.0,,,14500.0
3822,2020-04-21,14500.0,,,14800.0
3823,2020-04-21,14800.0,,,14600.0
3824,2020-04-21,14550.0,,,14500.0
3825,2020-04-22,14900.0,,,14900.0
3826,2020-04-22,14300.0,,,14600.0
3827,2020-04-22,14600.0,,,14600.0
3828,2020-04-22,14550.0,,,14900.0
3829,2020-04-23,15150.0,,,14950.0
3830,2020-04-23,14900.0,,,15200.0
3831,2020-04-23,15200.0,,,15050.0
3832,2020-04-23,15100.0,,,14950.0
3833,2020-04-24,15000.0,,,14900.0
3834,2020-04-24,14900.0,,,14800.0
3835,2020-04-24,14800.0,,,14900.0
3836,2020-04-24,14900.0,,,14950.0
3837,2020-04-27,15000.0,,,14650.0
3838,2020-04-27,14700.0,,,14700.0
3839,2020-04-27,14650.0,,,14700.0
3840,2020-04-27,14650.0,,,14750.0
3841,2020-04-28,14300.0,,,14450.0
3842,2020-04-28,14400.0,,,14400.0
3843,2020-04-28,14300.0,,,14300.0
3844,2020-04-28,14850.0,,,14350.0
3845,2020-04-29,14350.0,,,14350.0
3846,2020-04-29,14400.0,,,14500.0
3847,2020-04-29,14550.0,,,14450.0
3848,2020-04-29,14450.0,,,14300.0
3849,2020-05-04,14200.0,,,14350.0
3850,2020-05-04,14350.0,,,14250.0
3851,2020-05-04,14250.0,,,14050.0
3852,2020-05-04,14050.0,,,14000.0
3853,2020-05-06,14150.0,,,14050.0
3854,2020-05-06,14100.0,,,14100.0
3855,2020-05-06,14100.0,,,14150.0
3856,2020-05-06,14100.0,,,14150.0
3857,2020-05-07,14200.0,,,14300.0
3858,2020-05-07,14300.0,,,14450.0
3859,2020-05-07,14450.0,,,14450.0
3860,2020-05-07,14400.0,,,14550.0
3861,2020-05-08,14450.0,,,14400.0
3862,2020-05-08,14450.0,,,14450.0
3863,2020-05-08,14700.0,,,14450.0
3864,2020-05-08,14400.0,,,14450.0
3865,2020-05-11,14400.0,,,14200.0
3866,2020-05-11,14150.0,,,14500.0
3867,2020-05-11,14450.0,,,14400.0
3868,2020-05-11,14400.0,,,14500.0
3869,2020-05-12,14600.0,,,14750.0
3870,2020-05-12,14750.0,,,14950.0
3871,2020-05-12,14950.0,,,15350.0
3872,2020-05-12,15400.0,,,15400.0
3873,2020-05-13,15200.0,,,15250.0
3874,2020-05-13,15300.0,,,15300.0
3875,2020-05-13,15300.0,,,15400.0
3876,2020-05-13,15400.0,,,15150.0
3877,2020-05-14,15200.0,,,15150.0
3878,2020-05-14,15150.0,,,15000.0
3879,2020-05-14,15000.0,,,14850.0
3880,2020-05-14,14900.0,,,15100.0
3881,2020-05-15,14950.0,,,14250.0
3882,2020-05-15,15000.0,,,15000.0
3883,2020-05-15,15200.0,,,15000.0
3884,2020-05-15,15050.0,,,14950.0
3885,2020-05-18,14350.0,,,15050.0
3886,2020-05-18,15100.0,,,14900.0
3887,2020-05-18,14900.0,,,14950.0
3888,2020-05-18,14500.0,,,14400.0
3889,2020-05-19,15250.0,,,14850.0
3890,2020-05-19,14850.0,,,15300.0
3891,2020-05-19,15300.0,,,15150.0
3892,2020-05-19,15150.0,,,15250.0
3893,2020-05-20,15950.0,,,15850.0
3894,2020-05-20,15900.0,,,15950.0
3895,2020-05-20,15950.0,,,15950.0
3896,2020-05-20,16200.0,,,15900.0
3897,2020-05-21,16150.0,,,15700.0
3898,2020-05-21,15700.0,,,15600.0
3899,2020-05-21,15600.0,,,15650.0
3900,2020-05-21,15650.0,,,15500.0
3901,2020-05-22,14850.0,,,14900.0
3902,2020-05-22,14900.0,,,14850.0
3903,2020-05-22,15600.0,,,15200.0
3904,2020-05-22,15200.0,,,14900.0
3905,2020-05-25,14950.0,,,15200.0
3906,2020-05-25,15200.0,,,15000.0
3907,2020-05-25,15000.0,,,15400.0
3908,2020-05-25,15400.0,,,15400.0
3909,2020-05-26,15500.0,,,15500.0
3910,2020-05-26,15500.0,,,15550.0
3911,2020-05-26,15600.0,,,15950.0
3912,2020-05-26,15900.0,,,16050.0
3913,2020-05-27,15650.0,,,15550.0
3914,2020-05-27,16200.0,,,15650.0
3915,2020-05-27,15650.0,,,15700.0
3916,2020-05-27,15700.0,,,15650.0
3917,2020-05-28,15650.0,,,15200.0
3918,2020-05-28,15200.0,,,14700.0
3919,2020-05-28,14700.0,,,14800.0
3920,2020-05-28,14850.0,,,14950.0
3921,2020-05-29,14600.0,,,14650.0
3922,2020-05-29,14850.0,,,14650.0
3923,2020-05-29,14650.0,,,14600.0
3924,2020-05-29,14600.0,,,14600.0
3925,2020-06-01,14500.0,,,14800.0
3926,2020-06-01,14750.0,,,14650.0
3927,2020-06-01,14650.0,,,14650.0
3928,2020-06-01,14650.0,,,14700.0
3929,2020-06-02,14800.0,,,14650.0
3930,2020-06-02,14600.0,,,14750.0
3931,2020-06-02,14750.0,,,14800.0
3932,2020-06-02,14800.0,,,14800.0
3933,2020-06-03,14900.0,,,14850.0
3934,2020-06-03,14950.0,,,15000.0
3935,2020-06-03,15000.0,,,14950.0
3936,2020-06-03,15000.0,,,14900.0
3937,2020-06-04,14900.0,,,14700.0
3938,2020-06-04,14650.0,,,14500.0
3939,2020-06-04,14550.0,,,14500.0
3940,2020-06-04,14500.0,,,14500.0
3941,2020-06-05,14450.0,,,14450.0
3942,2020-06-05,14550.0,,,14550.0
3943,2020-06-05,14550.0,,,14450.0
3944,2020-06-05,14500.0,,,14450.0
3945,2020-06-08,14600.0,,,14450.0
3946,2020-06-08,14450.0,,,14600.0
3947,2020-06-08,14600.0,,,14500.0
3948,2020-06-08,14500.0,,,14550.0
3949,2020-06-09,14600.0,,,14450.0
3950,2020-06-09,14450.0,,,14400.0
3951,2020-06-09,14400.0,,,14450.0
3952,2020-06-09,14450.0,,,14450.0
3953,2020-06-10,14450.0,,,14400.0
3954,2020-06-10,14400.0,,,14350.0
3955,2020-06-10,14350.0,,,14400.0
3956,2020-06-10,14400.0,,,14350.0
3957,2020-06-11,14050.0,,,14100.0
3958,2020-06-11,14200.0,,,14050.0
3959,2020-06-11,14500.0,,,14350.0
3960,2020-06-11,14400.0,,,14200.0
3961,2020-06-12,13550.0,,,13550.0
3962,2020-06-12,13650.0,,,13750.0
3963,2020-06-12,13200.0,,,13600.0
3964,2020-06-12,13500.0,,,13650.0
3965,2020-06-15,12850.0,,,12600.0
3966,2020-06-15,13850.0,,,13550.0
3967,2020-06-15,13500.0,,,13550.0
3968,2020-06-15,13550.0,,,12900.0
3969,2020-06-16,13050.0,,,13050.0
3970,2020-06-16,13050.0,,,13050.0
3971,2020-06-16,13050.0,,,13150.0
3972,2020-06-16,13150.0,,,13200.0
3973,2020-06-17,13050.0,,,13300.0
3974,2020-06-17,13300.0,,,13300.0
3975,2020-06-17,13250.0,,,13400.0
3976,2020-06-17,13400.0,,,13400.0
3977,2020-06-18,13300.0,,,13450.0
3978,2020-06-18,13450.0,,,13600.0
3979,2020-06-18,13550.0,,,13500.0
3980,2020-06-18,13550.0,,,13600.0
3981,2020-06-19,13650.0,,,13650.0
3982,2020-06-19,13950.0,,,13700.0
3983,2020-06-19,13800.0,,,13950.0
3984,2020-06-19,13950.0,,,13850.0
3985,2020-06-22,13600.0,,,14050.0
3986,2020-06-22,14050.0,,,13950.0
3987,2020-06-22,13900.0,,,13750.0
3988,2020-06-22,13750.0,,,13800.0
3989,2020-06-23,13950.0,,,13650.0
3990,2020-06-23,13800.0,,,13650.0
3991,2020-06-23,13650.0,,,13800.0
3992,2020-06-23,13800.0,,,13800.0
3993,2020-06-24,13850.0,,,13800.0
3994,2020-06-24,13800.0,,,13850.0
3995,2020-06-24,13850.0,,,13800.0
3996,2020-06-24,13800.0,,,13800.0
3997,2020-06-25,13600.0,,,13550.0
3998,2020-06-25,13450.0,,,13600.0
3999,2020-06-25,13650.0,,,13600.0
4000,2020-06-25,13600.0,,,13450.0
4001,2020-06-26,13600.0,,,13400.0
4002,2020-06-26,13400.0,,,13350.0
4003,2020-06-26,13350.0,,,13500.0
4004,2020-06-26,13500.0,,,13500.0
4005,2020-06-29,13300.0,,,13150.0
4006,2020-06-29,13250.0,,,13100.0
4007,2020-06-29,13100.0,,,13100.0
4008,2020-06-29,13100.0,,,13050.0
4009,2020-06-30,13200.0,,,13100.0
4010,2020-06-30,13050.0,,,13500.0
4011,2020-06-30,13500.0,,,13500.0
4012,2020-06-30,13500.0,,,13400.0
4013,2020-07-01,13400.0,,,13150.0
4014,2020-07-01,13100.0,,,13150.0
4015,2020-07-01,13600.0,,,13450.0
4016,2020-07-01,13450.0,,,13400.0
4017,2020-07-02,13350.0,,,13550.0
4018,2020-07-02,13550.0,,,13650.0
4019,2020-07-02,13650.0,,,13750.0
4020,2020-07-02,13750.0,,,13800.0
4021,2020-07-03,13850.0,,,13900.0
4022,2020-07-03,13950.0,,,13950.0
4023,2020-07-03,13950.0,,,13800.0
4024,2020-07-03,13800.0,,,13800.0
4025,2020-07-06,13950.0,,,14100.0
4026,2020-07-06,14100.0,,,14100.0
4027,2020-07-06,14100.0,,,14100.0
4028,2020-07-06,14100.0,,,14100.0
4029,2020-07-07,14200.0,,,13950.0
4030,2020-07-07,13950.0,,,14000.0
4031,2020-07-07,14000.0,,,14000.0
4032,2020-07-07,14000.0,,,13950.0
4033,2020-07-08,14000.0,,,14000.0
4034,2020-07-08,14000.0,,,14050.0
4035,2020-07-08,13850.0,,,14100.0
4036,2020-07-08,14100.0,,,14000.0
4037,2020-07-09,14150.0,,,14150.0
4038,2020-07-09,14150.0,,,14400.0
4039,2020-07-09,14400.0,,,14500.0
4040,2020-07-09,14550.0,,,14550.0
4041,2020-07-10,14550.0,,,14300.0
4042,2020-07-10,14350.0,,,14250.0
4043,2020-07-10,14250.0,,,14100.0
4044,2020-07-10,14100.0,,,14300.0
4045,2020-07-13,14350.0,,,14150.0
4046,2020-07-13,14150.0,,,14050.0
4047,2020-07-13,14100.0,,,14200.0
4048,2020-07-13,14150.0,,,14200.0
4049,2020-07-14,14000.0,,,13950.0
4050,2020-07-14,13950.0,,,13900.0
4051,2020-07-14,14050.0,,,14000.0
4052,2020-07-14,13950.0,,,14050.0
4053,2020-07-15,14000.0,,,13950.0
4054,2020-07-15,13950.0,,,13900.0
4055,2020-07-15,13900.0,,,13900.0
4056,2020-07-15,13900.0,,,14000.0
4057,2020-07-16,13950.0,,,13900.0
4058,2020-07-16,13900.0,,,13700.0
4059,2020-07-16,13750.0,,,13650.0
4060,2020-07-16,13650.0,,,13700.0
4061,2020-07-17,13700.0,,,13850.0
4062,2020-07-17,13650.0,,,13650.0
4063,2020-07-17,13700.0,,,13750.0
4064,2020-07-17,13750.0,,,13700.0
4065,2020-07-20,13900.0,,,13700.0
4066,2020-07-20,13650.0,,,13750.0
4067,2020-07-20,13750.0,,,13800.0
4068,2020-07-20,13800.0,,,13800.0
4069,2020-07-21,13800.0,,,13900.0
4070,2020-07-21,13850.0,,,13800.0
4071,2020-07-21,14050.0,,,13750.0
4072,2020-07-21,13700.0,,,13800.0
4073,2020-07-22,13650.0,,,13750.0
4074,2020-07-22,13750.0,,,13750.0
4075,2020-07-22,13700.0,,,13700.0
4076,2020-07-22,13750.0,,,13650.0
4077,2020-07-23,13750.0,,,13600.0
4078,2020-07-23,13600.0,,,13600.0
4079,2020-07-23,13550.0,,,13900.0
4080,2020-07-23,13850.0,,,13800.0
4081,2020-07-24,14150.0,,,14150.0
4082,2020-07-24,13950.0,,,13850.0
4083,2020-07-24,13850.0,,,14150.0
4084,2020-07-24,13700.0,,,13950.0
4085,2020-07-27,14300.0,,,14050.0
4086,2020-07-27,14000.0,,,14100.0
4087,2020-07-27,14100.0,,,14000.0
4088,2020-07-27,14000.0,,,14000.0
4089,2020-07-28,14500.0,,,14600.0
4090,2020-07-28,14250.0,,,14500.0
4091,2020-07-28,14100.0,,,14250.0
4092,2020-07-28,14250.0,,,14250.0
4093,2020-07-29,14550.0,,,14400.0
4094,2020-07-29,14400.0,,,14450.0
4095,2020-07-29,14450.0,,,14350.0
4096,2020-07-29,14350.0,,,14450.0
4097,2020-07-30,14500.0,,,14550.0
4098,2020-07-30,14600.0,,,14500.0
4099,2020-07-30,14500.0,,,14500.0
4100,2020-07-30,14450.0,,,14500.0
4101,2020-07-31,14050.0,,,14000.0
4102,2020-07-31,14600.0,,,14300.0
4103,2020-07-31,14300.0,,,14200.0
4104,2020-07-31,14200.0,,,14000.0
4105,2020-08-03,14100.0,,,14150.0
4106,2020-08-03,14100.0,,,14000.0
4107,2020-08-03,14050.0,,,14250.0
4108,2020-08-03,14250.0,,,14300.0
4109,2020-08-04,14250.0,,,14300.0
4110,2020-08-04,14250.0,,,14250.0
4111,2020-08-04,14450.0,,,14200.0
4112,2020-08-04,14200.0,,,14200.0
4113,2020-08-05,14350.0,,,14250.0
4114,2020-08-05,14300.0,,,14450.0
4115,2020-08-05,14350.0,,,14400.0
4116,2020-08-05,14300.0,,,14300.0
4117,2020-08-06,14600.0,,,14450.0
4118,2020-08-06,14450.0,,,14550.0
4119,2020-08-06,14550.0,,,14500.0
4120,2020-08-06,14500.0,,,14500.0
4121,2020-08-07,14500.0,,,13950.0
4122,2020-08-07,13950.0,,,14050.0
4123,2020-08-07,14050.0,,,13950.0
4124,2020-08-07,13950.0,,,14000.0
4125,2020-08-10,14000.0,,,13750.0
4126,2020-08-10,13700.0,,,13900.0
4127,2020-08-10,13900.0,,,13900.0
4128,2020-08-10,13900.0,,,13800.0
4129,2020-08-11,13800.0,,,13800.0
4130,2020-08-11,13800.0,,,13850.0
4131,2020-08-11,13900.0,,,13750.0
4132,2020-08-11,13800.0,,,13800.0
4133,2020-08-12,13800.0,,,13500.0
4134,2020-08-12,13400.0,,,13400.0
4135,2020-08-12,13400.0,,,13450.0
4136,2020-08-12,13400.0,,,13400.0
4137,2020-08-13,13400.0,,,13500.0
4138,2020-08-13,13550.0,,,13550.0
4139,2020-08-13,13500.0,,,13450.0
4140,2020-08-13,13450.0,,,13500.0
4141,2020-08-14,13800.0,,,13750.0
4142,2020-08-14,13550.0,,,13300.0
4143,2020-08-14,13300.0,,,13400.0
4144,2020-08-14,13400.0,,,13800.0
4145,2020-08-18,13800.0,,,13500.0
4146,2020-08-18,13500.0,,,13550.0
4147,2020-08-18,13550.0,,,13100.0
4148,2020-08-18,13050.0,,,13000.0
4149,2020-08-19,13500.0,,,13600.0
4150,2020-08-19,13250.0,,,13450.0
4151,2020-08-19,13050.0,,,13250.0
4152,2020-08-19,13450.0,,,13500.0
4153,2020-08-20,13700.0,,,13100.0
4154,2020-08-20,13050.0,,,13150.0
4155,2020-08-20,13150.0,,,13150.0
4156,2020-08-20,13150.0,,,13150.0
4157,2020-08-21,13300.0,,,13350.0
4158,2020-08-21,13350.0,,,13450.0
4159,2020-08-21,13450.0,,,13550.0
4160,2020-08-21,13550.0,,,13450.0
4161,2020-08-24,13550.0,,,13550.0
4162,2020-08-24,13450.0,,,13600.0
4163,2020-08-24,13550.0,,,13550.0
4164,2020-08-24,13550.0,,,13600.0
4165,2020-08-25,13550.0,,,13650.0
4166,2020-08-25,13650.0,,,13750.0
4167,2020-08-25,13700.0,,,13700.0
4168,2020-08-25,13750.0,,,13800.0
4169,2020-08-26,14400.0,,,14650.0
4170,2020-08-26,13950.0,,,13700.0
4171,2020-08-26,13700.0,,,14100.0
4172,2020-08-26,14150.0,,,14400.0
4173,2020-08-27,14700.0,,,14500.0
4174,2020-08-27,14500.0,,,14550.0
4175,2020-08-27,14550.0,,,14450.0
4176,2020-08-27,14450.0,,,14400.0
4177,2020-08-28,14650.0,,,14450.0
4178,2020-08-28,14450.0,,,14550.0
4179,2020-08-28,14550.0,,,14600.0
4180,2020-08-28,14550.0,,,14700.0
4181,2020-08-31,15050.0,,,15100.0
4182,2020-08-31,15100.0,,,14850.0
4183,2020-08-31,14850.0,,,14950.0
4184,2020-08-31,15000.0,,,14900.0
4185,2020-09-01,14900.0,,,15000.0
4186,2020-09-01,14750.0,,,14850.0
4187,2020-09-01,14900.0,,,14750.0
4188,2020-09-01,14800.0,,,14700.0
4189,2020-09-02,15050.0,,,15150.0
4190,2020-09-02,15150.0,,,15200.0
4191,2020-09-02,15150.0,,,15250.0
4192,2020-09-02,15050.0,,,15000.0
4193,2020-09-03,15350.0,,,15050.0
4194,2020-09-03,15100.0,,,15000.0
4195,2020-09-03,15050.0,,,15000.0
4196,2020-09-03,14950.0,,,15050.0
4197,2020-09-04,14950.0,,,14900.0
4198,2020-09-04,14650.0,,,14550.0
4199,2020-09-04,14550.0,,,14950.0
4200,2020-09-04,14500.0,,,14650.0
4201,2020-09-07,15200.0,,,15050.0
4202,2020-09-07,15100.0,,,15100.0
4203,2020-09-07,15100.0,,,15000.0
4204,2020-09-07,15000.0,,,14950.0
4205,2020-09-08,15800.0,,,16100.0
4206,2020-09-08,15350.0,,,15750.0
4207,2020-09-08,15100.0,,,15550.0
4208,2020-09-08,15550.0,,,15400.0
4209,2020-09-09,15700.0,,,15650.0
4210,2020-09-09,15700.0,,,15600.0
4211,2020-09-09,15600.0,,,15600.0
4212,2020-09-09,15650.0,,,15650.0
4213,2020-09-10,15850.0,,,15750.0
4214,2020-09-10,15800.0,,,15550.0
4215,2020-09-10,15550.0,,,15550.0
4216,2020-09-10,15600.0,,,15750.0
4217,2020-09-11,15800.0,,,15850.0
4218,2020-09-11,15600.0,,,15700.0
4219,2020-09-11,15700.0,,,15750.0
4220,2020-09-11,15750.0,,,15800.0
4221,2020-09-14,16100.0,,,15750.0
4222,2020-09-14,15800.0,,,15850.0
4223,2020-09-14,15800.0,,,15750.0
4224,2020-09-14,15750.0,,,15700.0
4225,2020-09-15,15600.0,,,15600.0
4226,2020-09-15,15850.0,,,15450.0
4227,2020-09-15,15450.0,,,15650.0
4228,2020-09-15,15650.0,,,15600.0
4229,2020-09-16,16000.0,,,15950.0
4230,2020-09-16,15950.0,,,15900.0
4231,2020-09-16,15850.0,,,15600.0
4232,2020-09-16,15650.0,,,15650.0
4233,2020-09-17,15650.0,,,15350.0
4234,2020-09-17,15350.0,,,15250.0
4235,2020-09-17,15200.0,,,15350.0
4236,2020-09-17,15350.0,,,15250.0
4237,2020-09-18,15950.0,,,15900.0
4238,2020-09-18,15200.0,,,15350.0
4239,2020-09-18,15300.0,,,15550.0
4240,2020-09-18,15550.0,,,15950.0
4241,2020-09-21,16250.0,,,15900.0
4242,2020-09-21,15900.0,,,15850.0
4243,2020-09-21,15850.0,,,15600.0
4244,2020-09-21,15600.0,,,15750.0
4245,2020-09-22,15300.0,,,15250.0
4246,2020-09-22,15600.0,,,15550.0
4247,2020-09-22,15550.0,,,15600.0
4248,2020-09-22,15550.0,,,15300.0
4249,2020-09-23,15450.0,,,15250.0
4250,2020-09-23,15250.0,,,15250.0
4251,2020-09-23,15250.0,,,15350.0
4252,2020-09-23,15350.0,,,15400.0
4253,2020-09-24,14900.0,,,15000.0
4254,2020-09-24,15000.0,,,15100.0
4255,2020-09-24,15100.0,,,15200.0
4256,2020-09-24,15150.0,,,15050.0
4257,2020-09-25,15300.0,,,15250.0
4258,2020-09-25,15300.0,,,15150.0
4259,2020-09-25,15200.0,,,15200.0
4260,2020-09-25,15200.0,,,15250.0
4261,2020-09-28,15400.0,,,15550.0
4262,2020-09-28,15550.0,,,15550.0
4263,2020-09-28,15400.0,,,15500.0
4264,2020-09-28,15500.0,,,15450.0
4265,2020-09-29,15550.0,,,15550.0
4266,2020-09-29,15600.0,,,15650.0
4267,2020-09-29,15600.0,,,15550.0
4268,2020-09-29,15500.0,,,15600.0
4269,2020-10-05,15500.0,,,15650.0
4270,2020-10-05,15650.0,,,15700.0
4271,2020-10-05,15700.0,,,15800.0
4272,2020-10-05,15800.0,,,15800.0
4273,2020-10-06,15800.0,,,15650.0
4274,2020-10-06,15700.0,,,15700.0
4275,2020-10-06,15700.0,,,15600.0
4276,2020-10-06,15650.0,,,15750.0
4277,2020-10-07,15700.0,,,15750.0
4278,2020-10-07,15700.0,,,15750.0
4279,2020-10-07,15750.0,,,15700.0
4280,2020-10-07,15700.0,,,15750.0
4281,2020-10-08,15750.0,,,15700.0
4282,2020-10-08,15650.0,,,15700.0
4283,2020-10-08,15850.0,,,15700.0
4284,2020-10-08,15700.0,,,15750.0
4285,2020-10-12,15700.0,,,15650.0
4286,2020-10-12,15650.0,,,15750.0
4287,2020-10-12,15750.0,,,15800.0
4288,2020-10-12,15800.0,,,15650.0
4289,2020-10-13,15800.0,,,15800.0
4290,2020-10-13,15800.0,,,16300.0
4291,2020-10-13,16300.0,,,16350.0
4292,2020-10-13,16300.0,,,16350.0
4293,2020-10-14,16200.0,,,16200.0
4294,2020-10-14,16350.0,,,16200.0
4295,2020-10-14,16200.0,,,16250.0
4296,2020-10-14,16200.0,,,16250.0
4297,2020-10-15,16200.0,,,16200.0
4298,2020-10-15,16200.0,,,15850.0
4299,2020-10-15,15850.0,,,16100.0
4300,2020-10-15,16000.0,,,15950.0
4301,2020-10-16,16400.0,,,16300.0
4302,2020-10-16,15800.0,,,15600.0
4303,2020-10-16,15950.0,,,15800.0
4304,2020-10-16,15550.0,,,16400.0
4305,2020-10-19,16700.0,,,16400.0
4306,2020-10-19,16350.0,,,16500.0
4307,2020-10-19,16450.0,,,16200.0
4308,2020-10-19,16200.0,,,16150.0
4309,2020-10-20,16000.0,,,15550.0
4310,2020-10-20,15600.0,,,15700.0
4311,2020-10-20,15750.0,,,16000.0
4312,2020-10-20,16000.0,,,15900.0
4313,2020-10-21,15650.0,,,15600.0
4314,2020-10-21,16000.0,,,15800.0
4315,2020-10-21,15800.0,,,15750.0
4316,2020-10-21,15750.0,,,15650.0
4317,2020-10-22,15600.0,,,15650.0
4318,2020-10-22,15650.0,,,15600.0
4319,2020-10-22,15600.0,,,15600.0
4320,2020-10-22,15600.0,,,15550.0
4321,2020-10-23,15450.0,,,15500.0
4322,2020-10-23,15700.0,,,15400.0
4323,2020-10-23,15400.0,,,15450.0
4324,2020-10-23,15450.0,,,15450.0
4325,2020-10-26,15300.0,,,15200.0
4326,2020-10-26,15200.0,,,15150.0
4327,2020-10-26,15100.0,,,15000.0
4328,2020-10-26,15000.0,,,14800.0
4329,2020-10-27,14500.0,,,15150.0
4330,2020-10-27,15100.0,,,15150.0
4331,2020-10-27,15100.0,,,14650.0
4332,2020-10-27,14650.0,,,15150.0
4333,2020-10-28,15100.0,,,15200.0
4334,2020-10-28,15200.0,,,15250.0
4335,2020-10-28,15250.0,,,15250.0
4336,2020-10-28,15250.0,,,15150.0
4337,2020-10-29,15050.0,,,15050.0
4338,2020-10-29,14900.0,,,15000.0
4339,2020-10-29,14800.0,,,14850.0
4340,2020-10-29,14850.0,,,14850.0
4341,2020-10-30,15050.0,,,14950.0
4342,2020-10-30,14900.0,,,14750.0
4343,2020-10-30,14700.0,,,14800.0
4344,2020-10-30,15050.0,,,15150.0
4345,2020-11-02,14750.0,,,15100.0
4346,2020-11-02,15050.0,,,14900.0
4347,2020-11-02,14900.0,,,14950.0
4348,2020-11-02,14950.0,,,14950.0
4349,2020-11-03,15100.0,,,15100.0
4350,2020-11-03,15100.0,,,15000.0
4351,2020-11-03,15000.0,,,15050.0
4352,2020-11-03,15000.0,,,15050.0
4353,2020-11-04,15100.0,,,15100.0
4354,2020-11-04,15100.0,,,15100.0
4355,2020-11-04,15050.0,,,15050.0
4356,2020-11-04,15050.0,,,15000.0
4357,2020-11-05,15250.0,,,15200.0
4358,2020-11-05,15200.0,,,15250.0
4359,2020-11-05,15200.0,,,15250.0
4360,2020-11-05,15250.0,,,15200.0
4361,2020-11-06,15200.0,,,15100.0
4362,2020-11-06,15150.0,,,15100.0
4363,2020-11-06,15150.0,,,15150.0
4364,2020-11-06,15150.0,,,15150.0
4365,2020-11-09,15300.0,,,15300.0
4366,2020-11-09,15300.0,,,15350.0
4367,2020-11-09,15300.0,,,15200.0
4368,2020-11-09,15250.0,,,15250.0
4369,2020-11-10,15500.0,,,15550.0
4370,2020-11-10,15650.0,,,15500.0
4371,2020-11-10,15550.0,,,15450.0
4372,2020-11-10,15500.0,,,15550.0
4373,2020-11-11,15600.0,,,15450.0
4374,2020-11-11,15450.0,,,15450.0
4375,2020-11-11,15450.0,,,15500.0
4376,2020-11-11,15450.0,,,15500.0
4377,2020-11-12,15600.0,,,15500.0
4378,2020-11-12,15650.0,,,15450.0
4379,2020-11-12,15450.0,,,15350.0
4380,2020-11-12,15350.0,,,15550.0
4381,2020-11-13,15500.0,,,15600.0
4382,2020-11-13,15650.0,,,15700.0
4383,2020-11-13,15700.0,,,15800.0
4384,2020-11-13,15800.0,,,15700.0
4385,2020-11-16,15850.0,,,15650.0
4386,2020-11-16,15650.0,,,15650.0
4387,2020-11-16,15650.0,,,15650.0
4388,2020-11-16,15650.0,,,15600.0
4389,2020-11-17,15650.0,,,15600.0
4390,2020-11-17,15750.0,,,15650.0
4391,2020-11-17,15600.0,,,15700.0
4392,2020-11-17,15700.0,,,15650.0
4393,2020-11-18,15650.0,,,15850.0
4394,2020-11-18,15850.0,,,15800.0
4395,2020-11-18,15800.0,,,15650.0
4396,2020-11-18,15650.0,,,15700.0
4397,2020-11-19,15800.0,,,15850.0
4398,2020-11-19,15650.0,,,15750.0
4399,2020-11-19,15750.0,,,15700.0
4400,2020-11-19,15700.0,,,15750.0
4401,2020-11-20,15850.0,,,15850.0
4402,2020-11-20,15850.0,,,15800.0
4403,2020-11-20,15800.0,,,16200.0
4404,2020-11-20,16200.0,,,16150.0
4405,2020-11-23,16300.0,,,16050.0
4406,2020-11-23,16050.0,,,16100.0
4407,2020-11-23,16150.0,,,16100.0
4408,2020-11-23,16150.0,,,16150.0
4409,2020-11-24,16300.0,,,16550.0
4410,2020-11-24,16550.0,,,17000.0
4411,2020-11-24,17000.0,,,17050.0
4412,2020-11-24,17000.0,,,16900.0
4413,2020-11-25,16950.0,,,16700.0
4414,2020-11-25,16700.0,,,16750.0
4415,2020-11-25,17200.0,,,16900.0
4416,2020-11-25,16850.0,,,16850.0
4417,2020-11-26,16800.0,,,16750.0
4418,2020-11-26,16750.0,,,16800.0
4419,2020-11-26,16750.0,,,16800.0
4420,2020-11-26,16750.0,,,16800.0
4421,2020-11-27,17000.0,,,17150.0
4422,2020-11-27,17100.0,,,17050.0
4423,2020-11-27,17050.0,,,17100.0
4424,2020-11-27,17100.0,,,17100.0
4425,2020-11-30,16950.0,,,16800.0
4426,2020-11-30,16950.0,,,17000.0
4427,2020-11-30,17000.0,,,16900.0
4428,2020-11-30,17100.0,,,17000.0
4429,2020-12-01,16950.0,,,16800.0
4430,2020-12-01,16800.0,,,16850.0
4431,2020-12-01,16800.0,,,16850.0
4432,2020-12-01,16900.0,,,16850.0
4433,2020-12-02,17400.0,,,17400.0
4434,2020-12-02,17450.0,,,17350.0
4435,2020-12-02,17000.0,,,17150.0
4436,2020-12-02,17150.0,,,17450.0
4437,2020-12-03,17550.0,,,17100.0
4438,2020-12-03,17100.0,,,16950.0
4439,2020-12-03,16950.0,,,17250.0
4440,2020-12-03,17200.0,,,17150.0
4441,2020-12-04,17200.0,,,16900.0
4442,2020-12-04,16900.0,,,16850.0
4443,2020-12-04,16800.0,,,16750.0
4444,2020-12-04,16700.0,,,16750.0
4445,2020-12-07,16850.0,,,16900.0
4446,2020-12-07,16750.0,,,16850.0
4447,2020-12-07,16900.0,,,16850.0
4448,2020-12-07,16850.0,,,16900.0
4449,2020-12-08,17100.0,,,16750.0
4450,2020-12-08,16750.0,,,17000.0
4451,2020-12-08,17000.0,,,16900.0
4452,2020-12-08,16950.0,,,16850.0
4453,2020-12-09,16950.0,,,17100.0
4454,2020-12-09,16900.0,,,16900.0
4455,2020-12-09,16900.0,,,16950.0
4456,2020-12-09,16950.0,,,16950.0
4457,2020-12-10,17100.0,,,17000.0
4458,2020-12-10,17000.0,,,16950.0
4459,2020-12-10,16950.0,,,17000.0
4460,2020-12-10,17000.0,,,17000.0
4461,2020-12-11,16900.0,,,16950.0
4462,2020-12-11,16950.0,,,17000.0
4463,2020-12-11,17000.0,,,17000.0
4464,2020-12-11,17000.0,,,17050.0
4465,2020-12-14,17100.0,,,17100.0
4466,2020-12-14,16900.0,,,17200.0
4467,2020-12-14,17150.0,,,17050.0
4468,2020-12-14,17100.0,,,17100.0
4469,2020-12-15,17100.0,,,17000.0
4470,2020-12-15,17000.0,,,16850.0
4471,2020-12-15,16900.0,,,17100.0
4472,2020-12-15,17100.0,,,16950.0
4473,2020-12-16,17200.0,,,17150.0
4474,2020-12-16,16950.0,,,17000.0
4475,2020-12-16,17000.0,,,17050.0
4476,2020-12-16,17050.0,,,17150.0
4477,2020-12-17,17300.0,,,17300.0
4478,2020-12-17,17300.0,,,17300.0
4479,2020-12-17,17300.0,,,17250.0
4480,2020-12-17,17250.0,,,17250.0
4481,2020-12-18,17300.0,,,17300.0
4482,2020-12-18,17250.0,,,17200.0
4483,2020-12-18,17200.0,,,17250.0
4484,2020-12-18,17250.0,,,17350.0
4485,2020-12-21,17300.0,,,17250.0
4486,2020-12-21,17250.0,,,17300.0
4487,2020-12-21,17300.0,,,17250.0
4488,2020-12-21,17250.0,,,17200.0
4489,2020-12-22,17150.0,,,16950.0
4490,2020-12-22,16950.0,,,16900.0
4491,2020-12-22,17200.0,,,17050.0
4492,2020-12-22,17050.0,,,17150.0
4493,2020-12-23,16900.0,,,17150.0
4494,2020-12-23,16950.0,,,17100.0
4495,2020-12-23,16800.0,,,16950.0
4496,2020-12-23,17150.0,,,16950.0
4497,2020-12-24,17350.0,,,17750.0
4498,2020-12-24,17750.0,,,17600.0
4499,2020-12-24,17600.0,,,17450.0
4500,2020-12-24,17450.0,,,17400.0
4501,2020-12-28,17600.0,,,17550.0
4502,2020-12-28,17550.0,,,17650.0
4503,2020-12-28,17650.0,,,17700.0
4504,2020-12-28,17550.0,,,17550.0
4505,2020-12-29,17750.0,,,17650.0
4506,2020-12-29,17650.0,,,17600.0
4507,2020-12-29,17600.0,,,17700.0
4508,2020-12-29,17700.0,,,17700.0
4509,2020-12-30,17800.0,,,17800.0
4510,2020-12-30,17800.0,,,17800.0
4511,2020-12-30,17700.0,,,17700.0
4512,2020-12-30,17700.0,,,17800.0
4513,2021-01-04,17800.0,,,17850.0
4514,2021-01-04,17900.0,,,17950.0
4515,2021-01-04,17950.0,,,17800.0
4516,2021-01-05,17750.0,,,17700.0
4517,2021-01-05,17700.0,,,17900.0
4518,2021-01-05,17800.0,,,17900.0
4519,2021-01-05,17850.0,,,17850.0
4520,2021-01-06,17500.0,,,17750.0
4521,2021-01-06,17700.0,,,17750.0
4522,2021-01-06,17750.0,,,17700.0
4523,2021-01-06,17700.0,,,17550.0
4524,2021-01-07,17650.0,,,17700.0
4525,2021-01-07,17700.0,,,17800.0
4526,2021-01-07,17750.0,,,17650.0
4527,2021-01-07,17650.0,,,17700.0
4528,2021-01-08,17650.0,,,17700.0
4529,2021-01-08,17750.0,,,17650.0
4530,2021-01-08,17700.0,,,17750.0
4531,2021-01-08,17700.0,,,17750.0
4532,2021-01-11,17750.0,,,17600.0
4533,2021-01-11,17600.0,,,17600.0
4534,2021-01-11,17550.0,,,17700.0
4535,2021-01-11,17750.0,,,17750.0
4536,2021-01-12,17450.0,,,17750.0
4537,2021-01-12,17750.0,,,17650.0
4538,2021-01-12,17700.0,,,17950.0
4539,2021-01-12,17950.0,,,18000.0
4540,2021-01-13,17950.0,,,18050.0
4541,2021-01-13,17850.0,,,18000.0
4542,2021-01-13,18000.0,,,17950.0
4543,2021-01-13,18200.0,,,17900.0
4544,2021-01-14,19900.0,,,18650.0
4545,2021-01-14,18650.0,,,18700.0
4546,2021-01-14,18700.0,,,18500.0
4547,2021-01-14,18500.0,,,18350.0
4548,2021-01-15,18550.0,,,18400.0
4549,2021-01-15,18700.0,,,18600.0
4550,2021-01-15,18350.0,,,18650.0
4551,2021-01-15,18650.0,,,18750.0
4552,2021-01-18,18200.0,,,18000.0
4553,2021-01-18,18100.0,,,17800.0
4554,2021-01-18,17850.0,,,17800.0
4555,2021-01-18,17800.0,,,17650.0
4556,2021-01-19,17550.0,,,17900.0
4557,2021-01-19,17850.0,,,17900.0
4558,2021-01-19,17850.0,,,17750.0
4559,2021-01-19,17800.0,,,17800.0
4560,2021-01-20,18000.0,,,17900.0
4561,2021-01-20,18000.0,,,17800.0
4562,2021-01-20,17800.0,,,18100.0
4563,2021-01-20,18100.0,,,17950.0
4564,2021-01-21,18050.0,,,18000.0
4565,2021-01-21,18000.0,,,18000.0
4566,2021-01-21,18000.0,,,17950.0
4567,2021-01-21,17950.0,,,17900.0
4568,2021-01-22,17900.0,,,17900.0
4569,2021-01-22,18000.0,,,17750.0
4570,2021-01-22,17750.0,,,17900.0
4571,2021-01-22,17900.0,,,17900.0
4572,2021-01-25,18500.0,,,18550.0
4573,2021-01-25,18700.0,,,18700.0
4574,2021-01-25,17950.0,,,18500.0
4575,2021-01-25,18500.0,,,18750.0
4576,2021-01-26,18500.0,,,18550.0
4577,2021-01-26,18700.0,,,18450.0
4578,2021-01-26,18450.0,,,18500.0
4579,2021-01-26,18550.0,,,18450.0
4580,2021-01-27,18450.0,,,19050.0
4581,2021-01-27,19100.0,,,19900.0
4582,2021-01-27,19850.0,,,19650.0
4583,2021-01-27,19650.0,,,19500.0
4584,2021-01-28,19200.0,,,18700.0
4585,2021-01-28,18700.0,,,18600.0
4586,2021-01-28,18600.0,,,18700.0
4587,2021-01-28,18750.0,,,18600.0
4588,2021-01-29,18750.0,,,18500.0
4589,2021-01-29,18450.0,,,18000.0
4590,2021-01-29,18000.0,,,17900.0
4591,2021-01-29,17900.0,,,17750.0
4592,2021-02-01,17800.0,,,17850.0
4593,2021-02-01,17700.0,,,17850.0
4594,2021-02-01,17850.0,,,17700.0
4595,2021-02-01,17600.0,,,17800.0
4596,2021-02-02,17950.0,,,18050.0
4597,2021-02-02,18050.0,,,18000.0
4598,2021-02-02,18000.0,,,17950.0
4599,2021-02-02,17900.0,,,17850.0
4600,2021-02-03,18000.0,,,17750.0
4601,2021-02-03,17750.0,,,17650.0
4602,2021-02-03,17700.0,,,17750.0
4603,2021-02-03,17800.0,,,18000.0
4604,2021-02-04,18000.0,,,17800.0
4605,2021-02-04,17800.0,,,17800.0
4606,2021-02-04,17800.0,,,17750.0
4607,2021-02-04,17750.0,,,17800.0
4608,2021-02-05,17900.0,,,18000.0
4609,2021-02-05,17750.0,,,17900.0
4610,2021-02-05,17800.0,,,17750.0
4611,2021-02-05,17750.0,,,17700.0
4612,2021-02-08,17950.0,,,17750.0
4613,2021-02-08,17800.0,,,17750.0
4614,2021-02-08,17750.0,,,17850.0
4615,2021-02-08,17850.0,,,17750.0
4616,2021-02-09,17800.0,,,17800.0
4617,2021-02-09,17750.0,,,17700.0
4618,2021-02-09,17750.0,,,17700.0
4619,2021-02-09,17700.0,,,17600.0
4620,2021-02-10,17700.0,,,17500.0
4621,2021-02-10,17500.0,,,17500.0
4622,2021-02-10,17500.0,,,17600.0
4623,2021-02-10,17600.0,,,17600.0
4624,2021-02-15,18050.0,,,18000.0
4625,2021-02-15,18000.0,,,18000.0
4626,2021-02-15,17700.0,,,18100.0
4627,2021-02-15,18050.0,,,18000.0
4628,2021-02-16,18350.0,,,18150.0
4629,2021-02-16,18150.0,,,18200.0
4630,2021-02-16,18200.0,,,18100.0
4631,2021-02-16,18100.0,,,18200.0
4632,2021-02-17,18750.0,,,18750.0
4633,2021-02-17,18750.0,,,18700.0
4634,2021-02-17,18300.0,,,18900.0
4635,2021-02-17,18950.0,,,18750.0
4636,2021-02-18,18850.0,,,18550.0
4637,2021-02-18,18550.0,,,18750.0
4638,2021-02-18,18750.0,,,19000.0
4639,2021-02-18,19000.0,,,18800.0
4640,2021-02-19,18800.0,,,18350.0
4641,2021-02-19,18350.0,,,18350.0
4642,2021-02-19,18400.0,,,18650.0
4643,2021-02-19,18600.0,,,18650.0
4644,2021-02-22,18350.0,,,18250.0
4645,2021-02-22,18450.0,,,18350.0
4646,2021-02-22,18700.0,,,18500.0
4647,2021-02-22,18500.0,,,18500.0
4648,2021-02-23,18050.0,,,18100.0
4649,2021-02-23,18100.0,,,18150.0
4650,2021-02-23,18200.0,,,18050.0
4651,2021-02-23,18100.0,,,17950.0
4652,2021-02-24,17900.0,,,18050.0
4653,2021-02-24,18050.0,,,17850.0
4654,2021-02-24,17850.0,,,17600.0
4655,2021-02-24,17550.0,,,17500.0
4656,2021-02-25,18150.0,,,17900.0
4657,2021-02-25,17850.0,,,17950.0
4658,2021-02-25,17950.0,,,18000.0
4659,2021-02-25,18000.0,,,18100.0
4660,2021-02-26,17650.0,,,17650.0
4661,2021-02-26,17650.0,,,17900.0
4662,2021-02-26,17550.0,,,17700.0
4663,2021-02-26,17650.0,,,17650.0
4664,2021-03-02,18150.0,,,17850.0
4665,2021-03-02,17900.0,,,17750.0
4666,2021-03-02,17800.0,,,17700.0
4667,2021-03-02,17700.0,,,17650.0
4668,2021-03-03,17650.0,,,17650.0
4669,2021-03-03,17650.0,,,17650.0
4670,2021-03-03,17650.0,,,17700.0
4671,2021-03-03,17700.0,,,17650.0
4672,2021-03-04,17650.0,,,17650.0
4673,2021-03-04,17650.0,,,17750.0
4674,2021-03-04,17700.0,,,17700.0
4675,2021-03-04,17700.0,,,17600.0
4676,2021-03-05,17600.0,,,17100.0
4677,2021-03-05,17200.0,,,17300.0
4678,2021-03-05,17350.0,,,17350.0
4679,2021-03-05,17350.0,,,17200.0
4680,2021-03-08,17250.0,,,16900.0
4681,2021-03-08,16900.0,,,16900.0
4682,2021-03-08,17350.0,,,17400.0
4683,2021-03-08,17400.0,,,17250.0
4684,2021-03-09,16500.0,,,16700.0
4685,2021-03-09,16650.0,,,16800.0
4686,2021-03-09,16850.0,,,16900.0
4687,2021-03-09,16900.0,,,16500.0
4688,2021-03-10,17050.0,,,17050.0
4689,2021-03-10,17000.0,,,16900.0
4690,2021-03-10,16850.0,,,16650.0
4691,2021-03-10,16700.0,,,16600.0
4692,2021-03-11,16950.0,,,17000.0
4693,2021-03-11,16950.0,,,16950.0
4694,2021-03-11,16950.0,,,16950.0
4695,2021-03-11,16600.0,,,16950.0
4696,2021-03-12,17050.0,,,17150.0
4697,2021-03-12,17150.0,,,17200.0
4698,2021-03-12,17200.0,,,17200.0
4699,2021-03-12,17200.0,,,17200.0
4700,2021-03-15,17050.0,,,17050.0
4701,2021-03-15,17100.0,,,17050.0
4702,2021-03-15,17600.0,,,17100.0
4703,2021-03-15,17100.0,,,17100.0
4704,2021-03-16,17200.0,,,17150.0
4705,2021-03-16,17150.0,,,17200.0
4706,2021-03-16,17200.0,,,17150.0
4707,2021-03-16,17150.0,,,17100.0
4708,2021-03-17,17150.0,,,17300.0
4709,2021-03-17,17300.0,,,17250.0
4710,2021-03-17,17250.0,,,17300.0
4711,2021-03-17,17300.0,,,17150.0
4712,2021-03-18,17250.0,,,17300.0
4713,2021-03-18,17300.0,,,17250.0
4714,2021-03-18,17250.0,,,17250.0
4715,2021-03-18,17250.0,,,17200.0
4716,2021-03-19,17300.0,,,17200.0
4717,2021-03-19,17200.0,,,17250.0
4718,2021-03-19,17300.0,,,17250.0
4719,2021-03-19,17300.0,,,17300.0
4720,2021-03-22,17150.0,,,17000.0
4721,2021-03-22,17150.0,,,17100.0
4722,2021-03-22,17350.0,,,17150.0
4723,2021-03-22,17050.0,,,17150.0
4724,2021-03-23,16900.0,,,16900.0
4725,2021-03-23,16850.0,,,16750.0
4726,2021-03-23,16950.0,,,17000.0
4727,2021-03-23,16900.0,,,16850.0
4728,2021-03-24,16750.0,,,16900.0
4729,2021-03-24,16900.0,,,16800.0
4730,2021-03-24,16850.0,,,16900.0
4731,2021-03-24,16850.0,,,16750.0
4732,2021-03-25,16700.0,,,16800.0
4733,2021-03-25,16800.0,,,16900.0
4734,2021-03-25,16850.0,,,16900.0
4735,2021-03-25,16900.0,,,16950.0
4736,2021-03-26,17050.0,,,17000.0
4737,2021-03-26,17000.0,,,16950.0
4738,2021-03-26,16900.0,,,16950.0
4739,2021-03-26,16950.0,,,17000.0
4740,2021-03-29,16900.0,,,16800.0
4741,2021-03-29,16800.0,,,16700.0
4742,2021-03-29,16900.0,,,16850.0
4743,2021-03-29,16850.0,,,16900.0
4744,2021-03-30,16700.0,,,16750.0
4745,2021-03-30,16750.0,,,16750.0
4746,2021-03-30,16750.0,,,16750.0
4747,2021-03-30,16700.0,,,16700.0
4748,2021-03-31,16950.0,,,17050.0
4749,2021-03-31,17050.0,,,17050.0
4750,2021-03-31,17000.0,,,17250.0
4751,2021-03-31,17250.0,,,17250.0
4752,2021-04-01,17500.0,,,17550.0
4753,2021-04-01,17450.0,,,17450.0
4754,2021-04-01,17450.0,,,17550.0
4755,2021-04-01,17550.0,,,17500.0
4756,2021-04-02,17650.0,,,17450.0
4757,2021-04-02,17450.0,,,17400.0
4758,2021-04-02,17400.0,,,17950.0
4759,2021-04-02,17950.0,,,18000.0
4760,2021-04-05,18200.0,,,18200.0
4761,2021-04-05,18200.0,,,18250.0
4762,2021-04-05,18100.0,,,18250.0
4763,2021-04-05,18250.0,,,18150.0
4764,2021-04-06,18250.0,,,18000.0
4765,2021-04-06,18000.0,,,18050.0
4766,2021-04-06,18150.0,,,18100.0
4767,2021-04-06,18050.0,,,18100.0
4768,2021-04-07,18200.0,,,18550.0
4769,2021-04-07,18600.0,,,18450.0
4770,2021-04-07,18450.0,,,18750.0
4771,2021-04-07,18750.0,,,18700.0
4772,2021-04-08,18650.0,,,18600.0
4773,2021-04-08,18700.0,,,18900.0
4774,2021-04-08,18900.0,,,18650.0
4775,2021-04-08,18650.0,,,18650.0
4776,2021-04-09,18600.0,,,18500.0
4777,2021-04-09,18500.0,,,18450.0
4778,2021-04-09,18450.0,,,18450.0
4779,2021-04-09,18400.0,,,18300.0
4780,2021-04-12,18400.0,,,18400.0
4781,2021-04-12,18500.0,,,18150.0
4782,2021-04-12,18200.0,,,18400.0
4783,2021-04-12,18400.0,,,18350.0
4784,2021-04-13,18400.0,,,18600.0
4785,2021-04-13,18600.0,,,18550.0
4786,2021-04-13,18550.0,,,18500.0
4787,2021-04-13,18500.0,,,18600.0
4788,2021-04-14,18900.0,,,19000.0
4789,2021-04-14,19000.0,,,19100.0
4790,2021-04-14,19100.0,,,19000.0
4791,2021-04-14,19000.0,,,19100.0
4792,2021-04-15,19100.0,,,18900.0
4793,2021-04-15,18850.0,,,18800.0
4794,2021-04-15,18800.0,,,18850.0
4795,2021-04-15,18850.0,,,18900.0
4796,2021-04-16,18850.0,,,18750.0
4797,2021-04-16,18900.0,,,18750.0
4798,2021-04-16,19000.0,,,18900.0
4799,2021-04-16,18800.0,,,18800.0
4800,2021-04-19,18750.0,,,18850.0
4801,2021-04-19,18850.0,,,18900.0
4802,2021-04-19,18900.0,,,18900.0
4803,2021-04-19,18900.0,,,18950.0
4804,2021-04-20,19100.0,,,19000.0
4805,2021-04-20,18950.0,,,18950.0
4806,2021-04-20,18900.0,,,19000.0
4807,2021-04-20,18950.0,,,18950.0
4808,2021-04-21,18450.0,,,18350.0
4809,2021-04-21,18900.0,,,18400.0
4810,2021-04-21,18400.0,,,18300.0
4811,2021-04-21,18300.0,,,18450.0
4812,2021-04-22,18450.0,,,18400.0
4813,2021-04-22,18400.0,,,18500.0
4814,2021-04-22,18500.0,,,18450.0
4815,2021-04-22,18450.0,,,18400.0
4816,2021-04-23,18600.0,,,18500.0
4817,2021-04-23,18550.0,,,18550.0
4818,2021-04-23,18550.0,,,18650.0
4819,2021-04-23,18650.0,,,18600.0
4820,2021-04-26,18500.0,,,18700.0
4821,2021-04-26,18700.0,,,18800.0
4822,2021-04-26,18750.0,,,18900.0
4823,2021-04-26,18850.0,,,18900.0
4824,2021-04-27,18900.0,,,18950.0
4825,2021-04-27,18950.0,,,18800.0
4826,2021-04-27,18800.0,,,18800.0
4827,2021-04-27,18800.0,,,18900.0
4828,2021-04-28,18900.0,,,18350.0
4829,2021-04-28,18350.0,,,18250.0
4830,2021-04-28,18200.0,,,17950.0
4831,2021-04-28,17950.0,,,18000.0
4832,2021-04-29,18000.0,,,18000.0
4833,2021-04-29,18000.0,,,17950.0
4834,2021-04-29,18000.0,,,18200.0
4835,2021-04-29,18200.0,,,18000.0
4836,2021-04-30,17850.0,,,17750.0
4837,2021-04-30,17750.0,,,17700.0
4838,2021-04-30,17700.0,,,17700.0
4839,2021-04-30,17950.0,,,17850.0
4840,2021-05-03,17650.0,,,17950.0
4841,2021-05-03,17950.0,,,18000.0
4842,2021-05-03,18000.0,,,17850.0
4843,2021-05-03,17850.0,,,17850.0
4844,2021-05-04,18000.0,,,17850.0
4845,2021-05-04,17750.0,,,17800.0
4846,2021-05-04,17850.0,,,18000.0
4847,2021-05-04,17900.0,,,17800.0
4848,2021-05-06,18150.0,,,18100.0
4849,2021-05-06,18100.0,,,18000.0
4850,2021-05-06,18050.0,,,18100.0
4851,2021-05-06,18050.0,,,18050.0
4852,2021-05-07,18050.0,,,18100.0
4853,2021-05-07,18050.0,,,18100.0
4854,2021-05-07,18000.0,,,18050.0
4855,2021-05-07,18100.0,,,18050.0
4856,2021-05-10,18100.0,,,18000.0
4857,2021-05-10,18000.0,,,17950.0
4858,2021-05-10,17950.0,,,17900.0
4859,2021-05-10,17950.0,,,18000.0
4860,2021-05-11,17900.0,,,17900.0
4861,2021-05-11,17800.0,,,17900.0
4862,2021-05-11,17950.0,,,17850.0
4863,2021-05-11,17850.0,,,17900.0
4864,2021-05-12,17900.0,,,17650.0
4865,2021-05-12,17700.0,,,17500.0
4866,2021-05-12,17500.0,,,17500.0
4867,2021-05-12,17500.0,,,17500.0
4868,2021-05-13,17050.0,,,17550.0
4869,2021-05-13,17600.0,,,17600.0
4870,2021-05-13,17600.0,,,17300.0
4871,2021-05-13,17300.0,,,17300.0
